650.186751 423.023674 0
648.362532 388.365482 0

648.362532 388.365482 1
672.532378 376.417193 1

672.532378 376.417193 1
693.122218 400.988216 1

693.122218 400.988216 1
695.278624 411.866832 1

695.278624 411.866832 1
702.662408 418.866025 1

702.662408 418.866025 1
690.458215 422.977238 1

690.458215 422.977238 1
663.234167 460.495787 1

663.234167 460.495787 1
641.990731 465.987481 1

641.990731 465.987481 1
633.436070 467.573556 1

633.436070 467.573556 1
620.975535 445.064879 1

620.975535 445.064879 1
591.414824 428.641710 1

591.414824 428.641710 1
591.077871 471.481317 1

591.077871 471.481317 1
588.802238 492.164118 1

588.802238 492.164118 1
581.346187 511.401480 1

581.346187 511.401480 1
577.467568 537.543507 1

577.467568 537.543507 1
592.129975 543.527352 1

592.129975 543.527352 1
604.252660 553.099228 1

604.252660 553.099228 1
615.782249 563.549632 1

615.782249 563.549632 1
639.299377 576.525410 1

639.299377 576.525410 1
660.210068 578.894282 1

660.210068 578.894282 1
647.015371 618.579248 1

647.015371 618.579248 1
628.356539 611.755627 1

628.356539 611.755627 1
609.336452 606.689194 1

609.336452 606.689194 1
578.613751 602.127468 1

578.613751 602.127468 1
574.039082 606.412576 1

574.039082 606.412576 1
561.714893 585.732504 1

561.714893 585.732504 1
554.993790 586.237344 1

554.993790 586.237344 1
552.637541 594.199006 1

552.637541 594.199006 1
542.854638 586.013870 1

542.854638 586.013870 1
539.038344 604.740859 1

539.038344 604.740859 1
544.722482 607.305316 1

544.722482 607.305316 1
521.681537 613.753522 1

521.681537 613.753522 1
519.142273 611.847529 1

519.142273 611.847529 1
506.453027 624.098590 1

506.453027 624.098590 1
481.664699 621.500316 1

481.664699 621.500316 1
458.905699 623.097572 1

458.905699 623.097572 1
456.675483 633.197259 1

456.675483 633.197259 1
439.267331 632.788951 1

439.267331 632.788951 1
443.897903 618.677235 1

443.897903 618.677235 1
445.214761 609.625615 1

445.214761 609.625615 1
439.546576 602.968715 1

439.546576 602.968715 1
438.525891 585.815164 1

438.525891 585.815164 1
418.125319 593.188741 1

418.125319 593.188741 1
403.464257 582.164639 1

403.464257 582.164639 1
394.859368 598.218708 1

394.859368 598.218708 1
419.406909 620.189075 1

419.406909 620.189075 1
392.404211 638.639017 1

392.404211 638.639017 1
392.932245 644.073542 1

392.932245 644.073542 1
375.465183 644.886602 1

375.465183 644.886602 1
362.871823 648.889909 1

362.871823 648.889909 1
367.604570 669.229925 1

367.604570 669.229925 1
337.598648 670.793781 1

337.598648 670.793781 1
337.808673 688.090973 1

337.808673 688.090973 1
337.158413 693.743502 1

337.158413 693.743502 1
338.180137 697.063910 1

338.180137 697.063910 1
337.598522 720.397392 1

337.598522 720.397392 1
358.437810 710.395988 1

358.437810 710.395988 1
388.453357 713.156357 1

388.453357 713.156357 1
410.036929 720.063689 1

410.036929 720.063689 1
437.256767 700.960020 1

437.256767 700.960020 1
431.911764 686.917360 1

431.911764 686.917360 1
430.857097 684.954143 1

430.857097 684.954143 1
416.245683 677.470024 1

416.245683 677.470024 1
445.510725 667.758869 1

445.510725 667.758869 1
446.633585 668.334056 1

446.633585 668.334056 1
458.302965 701.886700 1

458.302965 701.886700 1
472.851283 726.626373 1

472.851283 726.626373 1
524.786679 719.660013 1

524.786679 719.660013 1
533.824845 701.674713 1

533.824845 701.674713 1
526.460418 692.733895 1

526.460418 692.733895 1
539.395749 661.634335 1

539.395749 661.634335 1
505.827899 663.479222 1

505.827899 663.479222 1
582.115416 654.154024 1

582.115416 654.154024 1
601.682415 672.138847 1

601.682415 672.138847 1
586.318768 685.880301 1

586.318768 685.880301 1
571.526262 703.643234 1

571.526262 703.643234 1
557.971407 731.925240 1

557.971407 731.925240 1
610.678291 707.525230 1

610.678291 707.525230 1
632.745020 710.595498 1

632.745020 710.595498 1
639.710171 709.295341 1

639.710171 709.295341 1
663.612087 710.229083 1

663.612087 710.229083 1
669.687406 720.746844 1

669.687406 720.746844 1
658.875373 733.473354 1

658.875373 733.473354 1
666.013211 738.349417 1

666.013211 738.349417 1
670.554727 747.173308 1

670.554727 747.173308 1
712.291221 727.342049 1

712.291221 727.342049 1
694.781512 696.105848 1

694.781512 696.105848 1
677.141228 660.205303 1

677.141228 660.205303 1
703.647683 644.614878 1

703.647683 644.614878 1
710.756173 644.197210 1

710.756173 644.197210 1
737.703425 634.253698 1

737.703425 634.253698 1
740.951803 664.932615 1

740.951803 664.932615 1
751.910805 664.769456 1

751.910805 664.769456 1
771.923676 656.758251 1

771.923676 656.758251 1
789.878127 667.697662 1

789.878127 667.697662 1
810.960928 660.188312 1

810.960928 660.188312 1
813.896235 668.221523 1

813.896235 668.221523 1
815.685159 650.506584 1

815.685159 650.506584 1
810.208255 642.067259 1

810.208255 642.067259 1
803.934483 633.144341 1

803.934483 633.144341 1
788.471461 625.473243 1

788.471461 625.473243 1
792.443314 610.961689 1

792.443314 610.961689 1
784.701084 596.904754 1

784.701084 596.904754 1
813.866164 592.522261 1

813.866164 592.522261 1
815.143785 604.065143 1

815.143785 604.065143 1
844.432958 613.916880 1

844.432958 613.916880 1
841.855078 623.252157 1

841.855078 623.252157 1
837.619731 627.844167 1

837.619731 627.844167 1
858.848134 633.292297 1

858.848134 633.292297 1
853.934680 654.253358 1

853.934680 654.253358 1
831.233959 652.621952 1

831.233959 652.621952 1
846.794147 704.357946 1

846.794147 704.357946 1
827.126733 722.588689 1

827.126733 722.588689 1
810.535002 716.473000 1

810.535002 716.473000 1
807.459212 706.337493 1

807.459212 706.337493 1
793.505137 717.766371 1

793.505137 717.766371 1
794.493017 748.424607 1

794.493017 748.424607 1
796.035069 777.051464 1

796.035069 777.051464 1
805.590280 780.613561 1

805.590280 780.613561 1
786.765094 792.268150 1

786.765094 792.268150 1
788.407785 798.259239 1

788.407785 798.259239 1
804.291599 813.709356 1

804.291599 813.709356 1
813.092815 823.773443 1

813.092815 823.773443 1
819.569309 851.533303 1

819.569309 851.533303 1
842.566855 872.530299 1

842.566855 872.530299 1
821.213906 891.910201 1

821.213906 891.910201 1
822.052028 897.239444 1

822.052028 897.239444 1
814.693414 909.990195 1

814.693414 909.990195 1
806.231073 891.159129 1

806.231073 891.159129 1
791.608627 873.292928 1

791.608627 873.292928 1
789.631796 867.321291 1

789.631796 867.321291 1
768.775021 852.017740 1

768.775021 852.017740 1
767.403498 892.764165 1

767.403498 892.764165 1
761.490307 892.679435 1

761.490307 892.679435 1
772.482944 907.568313 1

772.482944 907.568313 1
772.817652 909.897378 1

772.817652 909.897378 1
764.538545 943.704790 1

764.538545 943.704790 1
791.109926 970.604894 1

791.109926 970.604894 1
810.232426 944.427551 1

810.232426 944.427551 1
831.331344 947.909150 1

831.331344 947.909150 1
835.223408 946.286115 1

835.223408 946.286115 1
830.754219 932.539134 1

830.754219 932.539134 1
842.376596 918.684577 1

842.376596 918.684577 1
859.994146 902.338433 1

859.994146 902.338433 1
871.086242 889.913204 1

871.086242 889.913204 1
879.835517 891.837737 1

879.835517 891.837737 1
886.796455 886.471176 1

886.796455 886.471176 1
877.279902 870.332680 1

877.279902 870.332680 1
887.609607 845.576464 1

887.609607 845.576464 1
889.125179 832.070489 1

889.125179 832.070489 1
886.753798 819.838585 1

886.753798 819.838585 1
888.979433 804.150389 1

888.979433 804.150389 1
897.700852 795.921887 1

897.700852 795.921887 1
903.510245 767.168582 1

903.510245 767.168582 1
899.182110 748.320538 1

899.182110 748.320538 1
900.280678 716.356817 1

900.280678 716.356817 1
889.185848 698.204904 1

889.185848 698.204904 1
901.663403 686.266390 1

901.663403 686.266390 1
927.900242 713.964566 1

927.900242 713.964566 1
938.158115 734.995132 1

938.158115 734.995132 1
971.183007 719.695367 1

971.183007 719.695367 1
976.261562 734.728673 1

976.261562 734.728673 1
993.581035 763.656447 1

993.581035 763.656447 1
964.217922 786.686405 1

964.217922 786.686405 1
989.581528 824.239908 1

989.581528 824.239908 1
975.692950 851.912534 1

975.692950 851.912534 1
977.787913 910.554807 1

977.787913 910.554807 1
977.987951 919.282596 1

977.987951 919.282596 1
973.632025 933.047034 1

973.632025 933.047034 1
988.450075 937.568793 1

988.450075 937.568793 1
976.873029 965.137886 1

976.873029 965.137886 1
946.021254 953.236676 1

946.021254 953.236676 1
944.354323 931.400028 1

944.354323 931.400028 1
928.185795 923.218069 1

928.185795 923.218069 1
923.582813 929.992497 1

923.582813 929.992497 1
920.433180 932.653096 1

920.433180 932.653096 1
889.091156 958.531091 1

889.091156 958.531091 1
893.353194 971.835694 1

893.353194 971.835694 1
880.128148 975.094526 1

880.128148 975.094526 1
886.032010 984.768391 1

886.032010 984.768391 1
827.340614 968.896033 1

827.340614 968.896033 1
821.130010 992.320100 1

821.130010 992.320100 1
757.048465 994.060422 1

757.048465 994.060422 1
735.845534 992.689847 1

735.845534 992.689847 1
715.931284 996.300253 1

715.931284 996.300253 1
693.148894 989.664471 1

693.148894 989.664471 1
721.725643 959.046458 1

721.725643 959.046458 1
704.142770 909.120977 1

704.142770 909.120977 1
710.793771 873.069298 1

710.793771 873.069298 1
678.116176 855.648775 1

678.116176 855.648775 1
642.450753 833.871418 1

642.450753 833.871418 1
653.439332 816.292044 1

653.439332 816.292044 1
639.149134 813.002574 1

639.149134 813.002574 1
645.192700 795.576902 1

645.192700 795.576902 1
626.758763 798.637797 1

626.758763 798.637797 1
702.715876 804.952164 1

702.715876 804.952164 1
734.066310 806.547703 1

734.066310 806.547703 1
767.098059 806.316484 1

767.098059 806.316484 1
754.148722 722.005488 1

754.148722 722.005488 1
761.760693 710.220486 1

761.760693 710.220486 1
847.589239 742.476938 1

847.589239 742.476938 1
858.101630 775.950986 1

858.101630 775.950986 1
856.121631 781.373249 1

856.121631 781.373249 1
852.800240 792.660336 1

852.800240 792.660336 1
854.121723 802.985321 1

854.121723 802.985321 1
868.284289 796.759017 1

868.284289 796.759017 1
869.193434 783.687228 1

869.193434 783.687228 1
968.315202 696.036499 1

968.315202 696.036499 1
959.576458 670.917311 1

959.576458 670.917311 1
949.489291 664.073141 1

949.489291 664.073141 1
946.891054 655.570113 1

946.891054 655.570113 1
923.063728 642.760395 1

923.063728 642.760395 1
907.085388 629.264211 1

907.085388 629.264211 1
893.221258 591.456688 1

893.221258 591.456688 1
910.031672 568.844910 1

910.031672 568.844910 1
925.668157 555.630937 1

925.668157 555.630937 1
926.027277 552.109191 1

926.027277 552.109191 1
924.217435 546.646836 1

924.217435 546.646836 1
930.778851 539.655841 1

930.778851 539.655841 1
934.611862 533.454359 1

934.611862 533.454359 1
924.591334 515.848057 1

924.591334 515.848057 1
956.561150 523.593747 1

956.561150 523.593747 1
964.728266 524.637646 1

964.728266 524.637646 1
960.777855 565.801658 1

960.777855 565.801658 1
951.132066 563.849026 1

951.132066 563.849026 1
980.540249 570.668979 1

980.540249 570.668979 1
947.991855 620.681655 1

947.991855 620.681655 1
981.043318 631.439680 1

981.043318 631.439680 1
886.803378 553.707923 1

886.803378 553.707923 1
879.702792 561.213369 1

879.702792 561.213369 1
868.079137 535.426010 1

868.079137 535.426010 1
874.878681 508.543029 1

874.878681 508.543029 1
879.813738 509.718692 1

879.813738 509.718692 1
884.758102 513.184959 1

884.758102 513.184959 1
869.593852 488.490472 1

869.593852 488.490472 1
858.377758 484.195697 1

858.377758 484.195697 1
830.748308 472.129515 1

830.748308 472.129515 1
801.994247 471.163648 1

801.994247 471.163648 1
797.230978 457.800839 1

797.230978 457.800839 1
781.932620 471.654499 1

781.932620 471.654499 1
779.073447 481.044258 1

779.073447 481.044258 1
785.776168 485.125698 1

785.776168 485.125698 1
803.323336 485.709443 1

803.323336 485.709443 1
797.920455 510.797348 1

797.920455 510.797348 1
799.093686 531.742567 1

799.093686 531.742567 1
808.893737 540.238364 1

808.893737 540.238364 1
794.196152 557.221267 1

794.196152 557.221267 1
799.723062 563.996048 1

799.723062 563.996048 1
806.980670 573.045310 1

806.980670 573.045310 1
830.868077 569.888827 1

830.868077 569.888827 1
841.129458 544.343456 1

841.129458 544.343456 1
859.617860 597.010358 1

859.617860 597.010358 1
751.844655 589.663602 1

751.844655 589.663602 1
748.566061 579.324925 1

748.566061 579.324925 1
753.690286 573.433203 1

753.690286 573.433203 1
731.200582 565.618869 1

731.200582 565.618869 1
713.818409 577.618868 1

713.818409 577.618868 1
727.639093 591.072243 1

727.639093 591.072243 1
693.023455 618.278043 1

693.023455 618.278043 1
717.101515 532.704444 1

717.101515 532.704444 1
741.947375 541.941136 1

741.947375 541.941136 1
753.659176 522.630880 1

753.659176 522.630880 1
762.462948 515.171807 1

762.462948 515.171807 1
742.679911 509.426644 1

742.679911 509.426644 1
757.360243 495.007674 1

757.360243 495.007674 1
739.926420 472.725140 1

739.926420 472.725140 1
737.733446 463.287818 1

737.733446 463.287818 1
738.647166 463.072760 1

738.647166 463.072760 1
753.494467 454.380441 1

753.494467 454.380441 1
772.710070 432.652815 1

772.710070 432.652815 1
777.884005 429.124890 1

777.884005 429.124890 1
785.698853 425.861803 1

785.698853 425.861803 1
790.050763 419.404422 1

790.050763 419.404422 1
798.463248 418.958375 1

798.463248 418.958375 1
801.614412 418.777547 1

801.614412 418.777547 1
800.481367 433.294975 1

800.481367 433.294975 1
845.216549 446.588052 1

845.216549 446.588052 1
878.255693 444.456034 1

878.255693 444.456034 1
875.117042 427.469379 1

875.117042 427.469379 1
852.448140 412.919157 1

852.448140 412.919157 1
837.709436 396.866167 1

837.709436 396.866167 1
811.371129 383.062386 1

811.371129 383.062386 1
786.600018 383.373865 1

786.600018 383.373865 1
785.900049 375.602056 1

785.900049 375.602056 1
766.596633 377.766007 1

766.596633 377.766007 1
761.845828 349.218964 1

761.845828 349.218964 1
770.085274 313.665311 1

770.085274 313.665311 1
772.199903 304.921214 1

772.199903 304.921214 1
763.319682 293.466253 1

763.319682 293.466253 1
795.432755 282.464633 1

795.432755 282.464633 1
799.016820 296.225945 1

799.016820 296.225945 1
804.652345 295.193524 1

804.652345 295.193524 1
828.528571 287.348385 1

828.528571 287.348385 1
857.953390 316.164959 1

857.953390 316.164959 1
869.859555 311.253893 1

869.859555 311.253893 1
870.752895 325.351525 1

870.752895 325.351525 1
882.513283 321.442187 1

882.513283 321.442187 1
901.970167 312.631915 1

901.970167 312.631915 1
908.726179 331.046940 1

908.726179 331.046940 1
916.110532 328.740467 1

916.110532 328.740467 1
919.858961 341.320135 1

919.858961 341.320135 1
923.230379 346.495706 1

923.230379 346.495706 1
936.546704 347.721870 1

936.546704 347.721870 1
952.179769 355.789370 1

952.179769 355.789370 1
956.613600 370.348845 1

956.613600 370.348845 1
939.074720 369.579946 1

939.074720 369.579946 1
939.032990 397.343821 1

939.032990 397.343821 1
918.104880 405.741246 1

918.104880 405.741246 1
921.153394 421.516506 1

921.153394 421.516506 1
933.468025 435.199699 1

933.468025 435.199699 1
954.316889 417.835062 1

954.316889 417.835062 1
899.408976 381.969742 1

899.408976 381.969742 1
864.719823 361.421175 1

864.719823 361.421175 1
892.210827 275.026478 1

892.210827 275.026478 1
891.039384 269.842815 1

891.039384 269.842815 1
900.018137 274.558363 1

900.018137 274.558363 1
896.419948 254.804999 1

896.419948 254.804999 1
887.212433 257.921504 1

887.212433 257.921504 1
870.159628 250.955649 1

870.159628 250.955649 1
908.541737 247.183478 1

908.541737 247.183478 1
905.278689 218.520179 1

905.278689 218.520179 1
920.459861 212.240792 1

920.459861 212.240792 1
948.318199 206.416424 1

948.318199 206.416424 1
965.742732 213.004155 1

965.742732 213.004155 1
959.195195 226.300058 1

959.195195 226.300058 1
954.933314 235.929754 1

954.933314 235.929754 1
942.047113 231.484448 1

942.047113 231.484448 1
977.946667 263.244720 1

977.946667 263.244720 1
986.461813 272.239702 1

986.461813 272.239702 1
956.849786 302.399514 1

956.849786 302.399514 1
950.031848 330.454949 1

950.031848 330.454949 1
967.346160 336.104643 1

967.346160 336.104643 1
989.790749 345.371566 1

989.790749 345.371566 1
990.010781 356.167650 1

990.010781 356.167650 1
900.407421 457.344851 1

900.407421 457.344851 1
890.101704 462.482467 1

890.101704 462.482467 1
886.576639 465.530462 1

886.576639 465.530462 1
896.568092 484.193870 1

896.568092 484.193870 1
919.323518 482.228444 1

919.323518 482.228444 1
720.397229 498.230441 1

720.397229 498.230441 1
688.101804 514.540514 1

688.101804 514.540514 1
670.130387 514.871554 1

670.130387 514.871554 1
677.403912 496.063734 1

677.403912 496.063734 1
671.856217 489.034663 1

671.856217 489.034663 1
679.359245 477.162720 1

679.359245 477.162720 1
657.418198 531.036816 1

657.418198 531.036816 1
645.660908 535.116503 1

645.660908 535.116503 1
623.277100 532.994902 1

623.277100 532.994902 1
558.180435 533.215129 1

558.180435 533.215129 1
527.616219 554.000978 1

527.616219 554.000978 1
514.655849 555.275424 1

514.655849 555.275424 1
466.486647 530.178115 1

466.486647 530.178115 1
466.274502 492.522863 1

466.274502 492.522863 1
459.664691 486.280484 1

459.664691 486.280484 1
477.783697 490.758687 1

477.783697 490.758687 1
489.005353 499.767145 1

489.005353 499.767145 1
513.942250 487.871499 1

513.942250 487.871499 1
517.765061 464.838299 1

517.765061 464.838299 1
513.732601 456.276112 1

513.732601 456.276112 1
504.752607 452.533369 1

504.752607 452.533369 1
515.189049 424.383221 1

515.189049 424.383221 1
503.015696 407.604714 1

503.015696 407.604714 1
513.324670 377.242959 1

513.324670 377.242959 1
474.275506 370.823922 1

474.275506 370.823922 1
471.502458 383.842339 1

471.502458 383.842339 1
468.040221 386.907613 1

468.040221 386.907613 1
452.399187 370.308124 1

452.399187 370.308124 1
442.222943 371.355367 1

442.222943 371.355367 1
428.420223 365.884902 1

428.420223 365.884902 1
416.365661 376.028333 1

416.365661 376.028333 1
409.770539 405.849057 1

409.770539 405.849057 1
441.416471 414.863839 1

441.416471 414.863839 1
429.623632 437.672511 1

429.623632 437.672511 1
406.135260 443.980896 1

406.135260 443.980896 1
377.611565 442.454094 1

377.611565 442.454094 1
380.370894 457.992722 1

380.370894 457.992722 1
357.760569 474.103612 1

357.760569 474.103612 1
361.251995 488.502186 1

361.251995 488.502186 1
384.194222 492.493743 1

384.194222 492.493743 1
407.498014 484.097444 1

407.498014 484.097444 1
415.822849 514.786552 1

415.822849 514.786552 1
424.748434 547.278129 1

424.748434 547.278129 1
379.564453 539.020176 1

379.564453 539.020176 1
362.190140 560.980458 1

362.190140 560.980458 1
336.151181 560.815591 1

336.151181 560.815591 1
332.892862 551.287195 1

332.892862 551.287195 1
327.170223 497.686650 1

327.170223 497.686650 1
336.006896 489.928941 1

336.006896 489.928941 1
340.584138 471.636950 1

340.584138 471.636950 1
334.146435 435.574307 1

334.146435 435.574307 1
309.658438 414.063282 1

309.658438 414.063282 1
331.311376 383.923173 1

331.311376 383.923173 1
329.395925 370.765771 1

329.395925 370.765771 1
332.891523 365.981490 1

332.891523 365.981490 1
354.535702 351.258746 1

354.535702 351.258746 1
366.213893 365.409120 1

366.213893 365.409120 1
365.647966 375.075939 1

365.647966 375.075939 1
381.389279 330.974759 1

381.389279 330.974759 1
398.405969 336.342585 1

398.405969 336.342585 1
351.494634 296.314324 1

351.494634 296.314324 1
344.272015 300.049903 1

344.272015 300.049903 1
310.884026 300.846207 1

310.884026 300.846207 1
301.291662 309.402906 1

301.291662 309.402906 1
274.535061 291.974984 1

274.535061 291.974984 1
247.273195 280.523434 1

247.273195 280.523434 1
247.583593 269.266925 1

247.583593 269.266925 1
233.920163 286.596501 1

233.920163 286.596501 1
232.220515 293.670717 1

232.220515 293.670717 1
241.869036 293.270213 1

241.869036 293.270213 1
242.107136 301.150412 1

242.107136 301.150412 1
227.548543 314.206173 1

227.548543 314.206173 1
211.313344 325.933257 1

211.313344 325.933257 1
199.302817 310.894509 1

199.302817 310.894509 1
165.908173 320.780856 1

165.908173 320.780856 1
154.169709 348.164975 1

154.169709 348.164975 1
152.934318 353.217716 1

152.934318 353.217716 1
149.905629 363.999498 1

149.905629 363.999498 1
140.038679 346.328993 1

140.038679 346.328993 1
126.071298 344.874453 1

126.071298 344.874453 1
114.792575 335.231453 1

114.792575 335.231453 1
125.659633 308.401401 1

125.659633 308.401401 1
150.149486 284.315466 1

150.149486 284.315466 1
150.820886 283.163860 1

150.820886 283.163860 1
140.142650 273.125755 1

140.142650 273.125755 1
111.117254 276.804140 1

111.117254 276.804140 1
81.367458 280.344674 1

81.367458 280.344674 1
74.953952 259.313035 1

74.953952 259.313035 1
49.149416 255.834755 1

49.149416 255.834755 1
21.247901 240.005626 1

21.247901 240.005626 1
12.816517 235.328997 1

12.816517 235.328997 1
5.306509 245.755395 1

5.306509 245.755395 1
15.525405 254.871480 1

15.525405 254.871480 1
18.190722 288.401414 1

18.190722 288.401414 1
18.790158 325.106729 1

18.790158 325.106729 1
49.423041 334.269651 1

49.423041 334.269651 1
56.370974 361.891992 1

56.370974 361.891992 1
29.637940 362.387960 1

29.637940 362.387960 1
27.537121 365.766953 1

27.537121 365.766953 1
19.534354 419.312343 1

19.534354 419.312343 1
23.524435 440.569230 1

23.524435 440.569230 1
31.987306 453.686819 1

31.987306 453.686819 1
26.851821 457.602554 1

26.851821 457.602554 1
19.495852 473.889055 1

19.495852 473.889055 1
8.189011 474.857605 1

8.189011 474.857605 1
3.716714 472.271342 1

3.716714 472.271342 1
19.947369 486.236456 1

19.947369 486.236456 1
53.069071 496.664006 1

53.069071 496.664006 1
62.399652 479.937115 1

62.399652 479.937115 1
80.101195 452.439052 1

80.101195 452.439052 1
73.642741 447.268435 1

73.642741 447.268435 1
52.002038 432.990595 1

52.002038 432.990595 1
94.671460 399.827175 1

94.671460 399.827175 1
113.942207 392.764574 1

113.942207 392.764574 1
146.718832 411.994741 1

146.718832 411.994741 1
161.517693 425.900097 1

161.517693 425.900097 1
191.127592 444.394248 1

191.127592 444.394248 1
201.818204 447.485550 1

201.818204 447.485550 1
216.195710 500.165473 1

216.195710 500.165473 1
192.216504 523.915679 1

192.216504 523.915679 1
166.061841 519.355797 1

166.061841 519.355797 1
172.187205 542.564510 1

172.187205 542.564510 1
190.239656 552.438893 1

190.239656 552.438893 1
164.549481 584.480117 1

164.549481 584.480117 1
157.248847 582.749822 1

157.248847 582.749822 1
169.212961 593.948405 1

169.212961 593.948405 1
160.334059 621.469851 1

160.334059 621.469851 1
190.244096 618.164796 1

190.244096 618.164796 1
202.096016 635.181399 1

202.096016 635.181399 1
207.059809 637.556209 1

207.059809 637.556209 1
193.121079 654.251454 1

193.121079 654.251454 1
210.355352 662.352704 1

210.355352 662.352704 1
250.015866 678.842122 1

250.015866 678.842122 1
254.209373 672.653847 1

254.209373 672.653847 1
264.168595 667.214538 1

264.168595 667.214538 1
266.070685 677.450894 1

266.070685 677.450894 1
269.469703 679.016239 1

269.469703 679.016239 1
276.847188 666.840242 1

276.847188 666.840242 1
287.474333 687.181850 1

287.474333 687.181850 1
260.165081 693.241798 1

260.165081 693.241798 1
229.831806 710.994085 1

229.831806 710.994085 1
223.362479 713.567372 1

223.362479 713.567372 1
224.081893 722.656149 1

224.081893 722.656149 1
213.069877 739.615636 1

213.069877 739.615636 1
218.980949 749.858086 1

218.980949 749.858086 1
235.649375 781.700714 1

235.649375 781.700714 1
220.302392 793.689864 1

220.302392 793.689864 1
213.756949 799.824362 1

213.756949 799.824362 1
230.565805 811.352970 1

230.565805 811.352970 1
236.619179 808.678576 1

236.619179 808.678576 1
253.254649 815.456498 1

253.254649 815.456498 1
284.569479 817.171232 1

284.569479 817.171232 1
285.095384 825.539875 1

285.095384 825.539875 1
305.747494 802.695024 1

305.747494 802.695024 1
326.248363 798.569299 1

326.248363 798.569299 1
319.306176 821.370215 1

319.306176 821.370215 1
350.437394 832.453030 1

350.437394 832.453030 1
393.129005 828.570494 1

393.129005 828.570494 1
410.695438 800.356506 1

410.695438 800.356506 1
400.442519 790.834985 1

400.442519 790.834985 1
429.932217 779.404506 1

429.932217 779.404506 1
442.502201 791.203552 1

442.502201 791.203552 1
430.608437 810.183258 1

430.608437 810.183258 1
461.669947 805.478953 1

461.669947 805.478953 1
483.333430 824.989161 1

483.333430 824.989161 1
511.261168 796.140180 1

511.261168 796.140180 1
517.779539 798.114653 1

517.779539 798.114653 1
524.304494 803.350578 1

524.304494 803.350578 1
529.555694 807.992551 1

529.555694 807.992551 1
534.525011 823.153619 1

534.525011 823.153619 1
531.803053 784.006630 1

531.803053 784.006630 1
497.814892 779.934318 1

497.814892 779.934318 1
433.842034 856.158948 1

433.842034 856.158948 1
439.098917 881.963140 1

439.098917 881.963140 1
466.815359 889.214757 1

466.815359 889.214757 1
506.993811 890.048501 1

506.993811 890.048501 1
517.602962 938.218862 1

517.602962 938.218862 1
527.790026 937.984143 1

527.790026 937.984143 1
539.438070 941.552682 1

539.438070 941.552682 1
536.949812 953.086612 1

536.949812 953.086612 1
517.468638 964.676366 1

517.468638 964.676366 1
518.875445 971.187336 1

518.875445 971.187336 1
539.476827 977.355698 1

539.476827 977.355698 1
587.449516 977.935551 1

587.449516 977.935551 1
586.915631 969.212971 1

586.915631 969.212971 1
596.848284 988.840271 1

596.848284 988.840271 1
613.373431 988.353470 1

613.373431 988.353470 1
612.251960 968.071510 1

612.251960 968.071510 1
612.654030 946.132076 1

612.654030 946.132076 1
629.664137 925.225978 1

629.664137 925.225978 1
629.234691 910.939133 1

629.234691 910.939133 1
619.809191 900.383783 1

619.809191 900.383783 1
593.019055 922.426134 1

593.019055 922.426134 1
587.783297 925.644592 1

587.783297 925.644592 1
583.448851 901.438512 1

583.448851 901.438512 1
576.076108 882.778007 1

576.076108 882.778007 1
580.101689 877.581176 1

580.101689 877.581176 1
558.733293 892.451711 1

558.733293 892.451711 1
557.274817 902.209146 1

557.274817 902.209146 1
464.659516 936.942932 1

464.659516 936.942932 1
421.195793 927.360520 1

421.195793 927.360520 1
412.729059 914.376466 1

412.729059 914.376466 1
397.466106 919.212394 1

397.466106 919.212394 1
391.037983 911.093501 1

391.037983 911.093501 1
403.172559 944.107837 1

403.172559 944.107837 1
378.794990 970.343669 1

378.794990 970.343669 1
361.240437 977.681017 1

361.240437 977.681017 1
351.801689 948.950757 1

351.801689 948.950757 1
347.527720 945.834613 1

347.527720 945.834613 1
328.551192 941.259412 1

328.551192 941.259412 1
334.325426 914.253622 1

334.325426 914.253622 1
356.448381 902.376037 1

356.448381 902.376037 1
323.425647 890.299228 1

323.425647 890.299228 1
314.984393 888.123875 1

314.984393 888.123875 1
322.312819 873.988138 1

322.312819 873.988138 1
308.619717 865.624808 1

308.619717 865.624808 1
307.977930 863.299503 1

307.977930 863.299503 1
296.060174 878.841508 1

296.060174 878.841508 1
282.985324 890.472490 1

282.985324 890.472490 1
277.077964 883.839726 1

277.077964 883.839726 1
235.270814 869.672158 1

235.270814 869.672158 1
236.900637 859.488425 1

236.900637 859.488425 1
226.091190 876.793960 1

226.091190 876.793960 1
231.885819 888.075102 1

231.885819 888.075102 1
230.134564 892.267281 1

230.134564 892.267281 1
195.440641 911.627571 1

195.440641 911.627571 1
189.210300 920.621628 1

189.210300 920.621628 1
181.708500 914.401414 1

181.708500 914.401414 1
168.676513 917.190890 1

168.676513 917.190890 1
162.330115 929.245836 1

162.330115 929.245836 1
154.751790 913.243618 1

154.751790 913.243618 1
149.014616 910.627327 1

149.014616 910.627327 1
153.496540 880.325599 1

153.496540 880.325599 1
153.429631 855.199523 1

153.429631 855.199523 1
146.216128 847.708506 1

146.216128 847.708506 1
120.929980 881.528111 1

120.929980 881.528111 1
89.540254 872.760349 1

89.540254 872.760349 1
100.001729 838.246241 1

100.001729 838.246241 1
95.350490 814.330238 1

95.350490 814.330238 1
98.053131 811.337133 1

98.053131 811.337133 1
134.219296 804.566327 1

134.219296 804.566327 1
163.764113 806.765029 1

163.764113 806.765029 1
180.033942 799.154061 1

180.033942 799.154061 1
170.579085 779.428847 1

170.579085 779.428847 1
165.873016 771.489675 1

165.873016 771.489675 1
196.446153 820.719473 1

196.446153 820.719473 1
291.598965 785.299461 1

291.598965 785.299461 1
325.498927 772.954148 1

325.498927 772.954148 1
337.230859 752.532367 1

337.230859 752.532367 1
325.747613 743.609119 1

325.747613 743.609119 1
293.068756 746.753062 1

293.068756 746.753062 1
356.255274 765.761526 1

356.255274 765.761526 1
389.862375 757.548059 1

389.862375 757.548059 1
405.115799 866.968717 1

405.115799 866.968717 1
395.086679 869.788398 1

395.086679 869.788398 1
267.881098 927.381452 1

267.881098 927.381452 1
254.791609 962.563033 1

254.791609 962.563033 1
211.537745 974.121283 1

211.537745 974.121283 1
211.439492 999.337637 1

211.439492 999.337637 1
188.475684 988.665510 1

188.475684 988.665510 1
173.942363 982.122748 1

173.942363 982.122748 1
154.523449 981.694450 1

154.523449 981.694450 1
118.453581 967.849950 1

118.453581 967.849950 1
99.599075 968.839005 1

99.599075 968.839005 1
90.947356 976.845467 1

90.947356 976.845467 1
89.420453 962.433136 1

89.420453 962.433136 1
35.673196 984.809863 1

35.673196 984.809863 1
12.253804 979.184329 1

12.253804 979.184329 1
6.759893 952.732873 1

6.759893 952.732873 1
32.409016 910.951593 1

32.409016 910.951593 1
8.896775 870.888356 1

8.896775 870.888356 1
5.053359 870.325393 1

5.053359 870.325393 1
36.528523 863.953867 1

36.528523 863.953867 1
36.073391 858.829298 1

36.073391 858.829298 1
48.430833 853.275566 1

48.430833 853.275566 1
57.741056 800.325751 1

57.741056 800.325751 1
69.367877 785.710125 1

69.367877 785.710125 1
103.264430 756.590644 1

103.264430 756.590644 1
107.806829 742.237925 1

107.806829 742.237925 1
115.964951 691.570539 1

115.964951 691.570539 1
104.506625 668.280653 1

104.506625 668.280653 1
109.604435 644.533412 1

109.604435 644.533412 1
108.278407 640.132819 1

108.278407 640.132819 1
125.388345 644.359303 1

125.388345 644.359303 1
133.828276 644.969849 1

133.828276 644.969849 1
134.126970 600.847144 1

134.126970 600.847144 1
104.008284 571.756743 1

104.008284 571.756743 1
102.399074 559.205062 1

102.399074 559.205062 1
77.915039 586.732100 1

77.915039 586.732100 1
54.827647 547.857201 1

54.827647 547.857201 1
35.663960 557.020437 1

35.663960 557.020437 1
29.820429 559.408849 1

29.820429 559.408849 1
24.519880 530.577962 1

24.519880 530.577962 1
15.593810 527.092492 1

15.593810 527.092492 1
4.365961 533.512743 1

4.365961 533.512743 1
4.058068 585.836608 1

4.058068 585.836608 1
9.340783 628.581620 1

9.340783 628.581620 1
11.097343 653.356424 1

11.097343 653.356424 1
39.961436 661.509451 1

39.961436 661.509451 1
51.867547 649.788066 1

51.867547 649.788066 1
50.129605 643.762411 1

50.129605 643.762411 1
64.102641 643.011873 1

64.102641 643.011873 1
71.922416 649.988382 1

71.922416 649.988382 1
45.933556 684.027432 1

45.933556 684.027432 1
49.403269 699.383047 1

49.403269 699.383047 1
59.306473 710.884925 1

59.306473 710.884925 1
62.335847 715.429282 1

62.335847 715.429282 1
53.560691 720.100155 1

53.560691 720.100155 1
70.417009 702.983758 1

70.417009 702.983758 1
33.607241 753.228830 1

33.607241 753.228830 1
31.049341 757.318712 1

31.049341 757.318712 1
17.828796 797.219902 1

17.828796 797.219902 1
7.361398 683.903755 1

7.361398 683.903755 1
35.635520 619.166341 1

35.635520 619.166341 1
61.844565 524.227703 1

61.844565 524.227703 1
76.150677 512.188725 1

76.150677 512.188725 1
103.728760 508.266003 1

103.728760 508.266003 1
135.083878 519.308361 1

135.083878 519.308361 1
138.554017 543.539945 1

138.554017 543.539945 1
142.897309 481.843062 1

142.897309 481.843062 1
129.635001 479.611176 1

129.635001 479.611176 1
104.701733 460.714526 1

104.701733 460.714526 1
156.183025 383.383413 1

156.183025 383.383413 1
171.601827 362.510543 1

171.601827 362.510543 1
188.472926 355.372526 1

188.472926 355.372526 1
205.027525 359.983199 1

205.027525 359.983199 1
216.178277 364.195504 1

216.178277 364.195504 1
222.530025 384.444189 1

222.530025 384.444189 1
255.777604 374.915169 1

255.777604 374.915169 1
265.223951 360.911491 1

265.223951 360.911491 1
291.964552 368.491393 1

291.964552 368.491393 1
326.133039 340.584473 1

326.133039 340.584473 1
330.777387 336.083951 1

330.777387 336.083951 1
254.920360 419.498547 1

254.920360 419.498547 1
273.663193 439.927674 1

273.663193 439.927674 1
271.571192 461.775578 1

271.571192 461.775578 1
273.162354 493.744278 1

273.162354 493.744278 1
275.752539 519.326786 1

275.752539 519.326786 1
264.920284 542.354285 1

264.920284 542.354285 1
272.058819 571.175207 1

272.058819 571.175207 1
271.978319 619.423432 1

271.978319 619.423432 1
287.692120 644.938339 1

287.692120 644.938339 1
325.785332 622.774275 1

325.785332 622.774275 1
333.060821 619.455576 1

333.060821 619.455576 1
353.079634 619.321474 1

353.079634 619.321474 1
194.727237 717.535297 1

194.727237 717.535297 1
144.446909 695.213030 1

144.446909 695.213030 1
318.345674 994.011627 1

318.345674 994.011627 1
330.503866 994.630803 1

330.503866 994.630803 1
644.423806 977.134328 1

644.423806 977.134328 1
663.879138 940.154046 1

663.879138 940.154046 1
621.644653 681.024680 1

621.644653 681.024680 1
562.928320 479.913988 1

562.928320 479.913988 1
545.004285 478.796869 1

545.004285 478.796869 1
532.353240 473.176297 1

532.353240 473.176297 1
551.101666 460.761212 1

551.101666 460.761212 1
609.102309 343.090415 1

609.102309 343.090415 1
655.872208 331.731016 1

655.872208 331.731016 1
661.567485 325.347610 1

661.567485 325.347610 1
684.741625 284.368189 1

684.741625 284.368189 1
663.368000 270.209901 1

663.368000 270.209901 1
644.921345 278.573879 1

644.921345 278.573879 1
626.368414 272.147976 1

626.368414 272.147976 1
617.356620 292.716363 1

617.356620 292.716363 1
593.920370 295.220003 1

593.920370 295.220003 1
613.024201 252.022071 1

613.024201 252.022071 1
619.504725 249.777950 1

619.504725 249.777950 1
643.094783 251.738690 1

643.094783 251.738690 1
645.523545 251.150305 1

645.523545 251.150305 1
670.852982 242.464493 1

670.852982 242.464493 1
672.955646 236.588833 1

672.955646 236.588833 1
667.477169 222.571537 1

667.477169 222.571537 1
688.675102 240.963763 1

688.675102 240.963763 1
688.032292 257.922519 1

688.032292 257.922519 1
707.277370 255.367751 1

707.277370 255.367751 1
722.552012 254.033710 1

722.552012 254.033710 1
723.946580 263.324482 1

723.946580 263.324482 1
732.363495 268.119220 1

732.363495 268.119220 1
736.901291 259.484045 1

736.901291 259.484045 1
760.099585 223.932245 1

760.099585 223.932245 1
771.310822 226.689678 1

771.310822 226.689678 1
776.150615 237.404670 1

776.150615 237.404670 1
773.752930 185.673545 1

773.752930 185.673545 1
752.307602 187.246203 1

752.307602 187.246203 1
745.923659 162.207100 1

745.923659 162.207100 1
744.219079 148.039823 1

744.219079 148.039823 1
739.250150 132.849555 1

739.250150 132.849555 1
759.201179 135.423879 1

759.201179 135.423879 1
764.152874 151.813835 1

764.152874 151.813835 1
785.545866 162.618043 1

785.545866 162.618043 1
802.451567 143.194259 1

802.451567 143.194259 1
825.665749 156.333501 1

825.665749 156.333501 1
817.007826 193.244395 1

817.007826 193.244395 1
879.464645 178.290972 1

879.464645 178.290972 1
882.475391 127.064456 1

882.475391 127.064456 1
906.760015 108.851785 1

906.760015 108.851785 1
918.441612 111.590323 1

918.441612 111.590323 1
924.867518 124.987007 1

924.867518 124.987007 1
933.292668 118.299488 1

933.292668 118.299488 1
944.946683 108.582761 1

944.946683 108.582761 1
948.475751 108.450939 1

948.475751 108.450939 1
955.852906 124.841299 1

955.852906 124.841299 1
958.669934 130.065974 1

958.669934 130.065974 1
974.179922 135.465184 1

974.179922 135.465184 1
991.152498 158.922691 1

991.152498 158.922691 1
997.012926 185.728345 1

997.012926 185.728345 1
990.054907 195.375647 1

990.054907 195.375647 1
978.566437 186.687997 1

978.566437 186.687997 1
942.160123 172.474413 1

942.160123 172.474413 1
932.786238 173.764017 1

932.786238 173.764017 1
938.046539 159.829958 1

938.046539 159.829958 1
975.489123 91.565808 1

975.489123 91.565808 1
979.715032 83.991496 1

979.715032 83.991496 1
985.396059 87.011563 1

985.396059 87.011563 1
960.853014 49.146378 1

960.853014 49.146378 1
973.964304 41.053328 1

973.964304 41.053328 1
973.458921 24.783641 1

973.458921 24.783641 1
974.641623 1.894562 1

974.641623 1.894562 1
946.421826 35.269830 1

946.421826 35.269830 1
925.350806 60.569434 1

925.350806 60.569434 1
898.886249 67.666257 1

898.886249 67.666257 1
907.069471 81.134506 1

907.069471 81.134506 1
897.432941 83.616260 1

897.432941 83.616260 1
888.217281 88.823419 1

888.217281 88.823419 1
876.819036 67.843217 1

876.819036 67.843217 1
846.418287 47.754561 1

846.418287 47.754561 1
846.992495 9.396123 1

846.992495 9.396123 1
855.071413 1.796331 1

855.071413 1.796331 1
827.675715 9.875157 1

827.675715 9.875157 1
796.208221 14.574656 1

796.208221 14.574656 1
763.426325 6.848143 1

763.426325 6.848143 1
743.697076 32.419642 1

743.697076 32.419642 1
766.639604 57.685652 1

766.639604 57.685652 1
785.108069 61.356349 1

785.108069 61.356349 1
803.394542 55.731925 1

803.394542 55.731925 1
796.901694 82.937760 1

796.901694 82.937760 1
781.155569 94.642372 1

781.155569 94.642372 1
798.137340 104.112339 1

798.137340 104.112339 1
854.250462 114.601065 1

854.250462 114.601065 1
878.393988 18.621144 1

878.393988 18.621144 1
900.063542 7.460516 1

900.063542 7.460516 1
909.681392 32.298778 1

909.681392 32.298778 1
694.874033 72.800528 1

694.874033 72.800528 1
680.457536 69.792556 1

680.457536 69.792556 1
673.911637 56.665643 1

673.911637 56.665643 1
658.782769 44.511168 1

658.782769 44.511168 1
658.855476 30.290384 1

658.855476 30.290384 1
661.740275 28.553569 1

661.740275 28.553569 1
673.243193 11.830891 1

673.243193 11.830891 1
681.254951 19.185633 1

681.254951 19.185633 1
690.908264 33.026674 1

690.908264 33.026674 1
678.964381 1.820710 1

678.964381 1.820710 1
611.388372 11.159262 1

611.388372 11.159262 1
605.500655 45.086013 1

605.500655 45.086013 1
594.757399 70.319911 1

594.757399 70.319911 1
614.955513 75.589565 1

614.955513 75.589565 1
634.089991 72.592968 1

634.089991 72.592968 1
655.863909 68.906355 1

655.863909 68.906355 1
662.499958 95.830756 1

662.499958 95.830756 1
678.928482 108.469235 1

678.928482 108.469235 1
689.523189 103.718893 1

689.523189 103.718893 1
690.847348 116.099536 1

690.847348 116.099536 1
697.991721 116.049733 1

697.991721 116.049733 1
688.059587 129.533574 1

688.059587 129.533574 1
684.754708 138.109837 1

684.754708 138.109837 1
697.800705 137.353604 1

697.800705 137.353604 1
677.892463 154.457175 1

677.892463 154.457175 1
693.374783 169.046904 1

693.374783 169.046904 1
692.890134 177.737574 1

692.890134 177.737574 1
682.633555 178.870670 1

682.633555 178.870670 1
651.200363 176.261398 1

651.200363 176.261398 1
636.182880 185.438754 1

636.182880 185.438754 1
644.283018 158.727852 1

644.283018 158.727852 1
643.332891 150.580143 1

643.332891 150.580143 1
642.236262 130.258974 1

642.236262 130.258974 1
589.711919 149.734680 1

589.711919 149.734680 1
579.827408 176.626832 1

579.827408 176.626832 1
567.834403 173.106597 1

567.834403 173.106597 1
549.138195 162.287335 1

549.138195 162.287335 1
527.038126 164.699423 1

527.038126 164.699423 1
526.887147 178.995723 1

526.887147 178.995723 1
520.956086 182.866410 1

520.956086 182.866410 1
522.628238 195.123251 1

522.628238 195.123251 1
512.067093 200.982876 1

512.067093 200.982876 1
535.729855 186.732598 1

535.729855 186.732598 1
502.647302 170.193304 1

502.647302 170.193304 1
482.463500 170.642186 1

482.463500 170.642186 1
474.365864 165.336235 1

474.365864 165.336235 1
442.544854 157.985819 1

442.544854 157.985819 1
425.774256 178.553743 1

425.774256 178.553743 1
407.907505 161.118072 1

407.907505 161.118072 1
394.781422 180.669447 1

394.781422 180.669447 1
413.912519 205.597683 1

413.912519 205.597683 1
418.634548 213.827682 1

418.634548 213.827682 1
435.048851 214.141030 1

435.048851 214.141030 1
391.900093 219.681460 1

391.900093 219.681460 1
358.299030 176.969220 1

358.299030 176.969220 1
336.903518 160.044595 1

336.903518 160.044595 1
317.394863 154.037046 1

317.394863 154.037046 1
305.545397 148.164206 1

305.545397 148.164206 1
306.124329 128.199180 1

306.124329 128.199180 1
300.558979 121.661613 1

300.558979 121.661613 1
303.363055 103.104006 1

303.363055 103.104006 1
276.375956 86.306195 1

276.375956 86.306195 1
254.116348 105.850695 1

254.116348 105.850695 1
227.449845 135.637094 1

227.449845 135.637094 1
197.590556 159.476218 1

197.590556 159.476218 1
203.690663 174.007078 1

203.690663 174.007078 1
185.735541 180.215992 1

185.735541 180.215992 1
155.226696 181.166153 1

155.226696 181.166153 1
152.357351 188.244059 1

152.357351 188.244059 1
140.816354 189.065151 1

140.816354 189.065151 1
116.089488 187.701054 1

116.089488 187.701054 1
114.632012 179.614872 1

114.632012 179.614872 1
97.629447 206.171747 1

97.629447 206.171747 1
80.839641 228.242536 1

80.839641 228.242536 1
123.258732 235.422877 1

123.258732 235.422877 1
168.606780 289.286651 1

168.606780 289.286651 1
211.987948 258.019680 1

211.987948 258.019680 1
170.141698 138.390721 1

170.141698 138.390721 1
156.292555 128.093862 1

156.292555 128.093862 1
146.226231 121.776810 1

146.226231 121.776810 1
117.088852 118.797154 1

117.088852 118.797154 1
131.003473 94.431859 1

131.003473 94.431859 1
131.549923 92.955580 1

131.549923 92.955580 1
151.741379 77.127059 1

151.741379 77.127059 1
152.340860 61.799872 1

152.340860 61.799872 1
156.671806 43.889921 1

156.671806 43.889921 1
174.433664 52.967118 1

174.433664 52.967118 1
190.349131 81.167575 1

190.349131 81.167575 1
197.903191 98.409435 1

197.903191 98.409435 1
203.808396 102.816105 1

203.808396 102.816105 1
180.631405 124.619340 1

180.631405 124.619340 1
238.670358 53.478330 1

238.670358 53.478330 1
234.857630 28.419393 1

234.857630 28.419393 1
284.067374 55.533020 1

284.067374 55.533020 1
313.522241 67.654921 1

313.522241 67.654921 1
351.150858 64.014296 1

351.150858 64.014296 1
372.365699 82.491599 1

372.365699 82.491599 1
405.620579 65.074273 1

405.620579 65.074273 1
425.540616 77.642300 1

425.540616 77.642300 1
412.557378 95.417074 1

412.557378 95.417074 1
438.588775 105.984673 1

438.588775 105.984673 1
453.157899 108.519672 1

453.157899 108.519672 1
451.259748 75.649518 1

451.259748 75.649518 1
449.668181 60.399284 1

449.668181 60.399284 1
442.751112 45.908505 1

442.751112 45.908505 1
433.479257 32.058333 1

433.479257 32.058333 1
452.660892 27.738011 1

452.660892 27.738011 1
425.445789 1.672064 1

425.445789 1.672064 1
371.223226 0.741256 1

371.223226 0.741256 1
349.540894 35.726550 1

349.540894 35.726550 1
312.816415 10.563671 1

312.816415 10.563671 1
299.191623 0.962998 1

299.191623 0.962998 1
182.698825 4.000350 1

182.698825 4.000350 1
143.694701 18.542030 1

143.694701 18.542030 1
142.149592 15.580741 1

142.149592 15.580741 1
133.726307 5.535296 1

133.726307 5.535296 1
127.208372 19.682547 1

127.208372 19.682547 1
110.327122 44.221916 1

110.327122 44.221916 1
98.315567 61.644053 1

98.315567 61.644053 1
72.314415 51.764558 1

72.314415 51.764558 1
52.714736 72.969357 1

52.714736 72.969357 1
25.019132 95.145672 1

25.019132 95.145672 1
4.341394 99.700425 1

4.341394 99.700425 1
18.797389 119.789236 1

18.797389 119.789236 1
12.802926 141.066457 1

12.802926 141.066457 1
30.303007 144.515873 1

30.303007 144.515873 1
55.716077 129.525757 1

55.716077 129.525757 1
45.413767 112.137551 1

45.413767 112.137551 1
82.161412 168.138302 1

82.161412 168.138302 1
30.650039 210.928295 1

30.650039 210.928295 1
24.600299 218.068457 1

24.600299 218.068457 1
18.335027 217.354027 1

18.335027 217.354027 1
62.393830 298.616183 1

62.393830 298.616183 1
65.548893 308.694186 1

65.548893 308.694186 1
8.292707 43.662124 1

8.292707 43.662124 1
12.187436 40.770727 1

12.187436 40.770727 1
16.002522 29.680380 1

16.002522 29.680380 1
23.643974 9.961438 1

23.643974 9.961438 1
336.181016 134.047390 1

336.181016 134.047390 1
384.559761 143.737360 1

384.559761 143.737360 1
398.876168 121.669755 1

398.876168 121.669755 1
494.942441 122.781035 1

494.942441 122.781035 1
496.314492 110.081789 1

496.314492 110.081789 1
510.204235 148.790157 1

510.204235 148.790157 1
551.598595 132.672130 1

551.598595 132.672130 1
547.857622 105.147556 1

547.857622 105.147556 1
558.196762 98.504598 1

558.196762 98.504598 1
544.281846 85.987543 1

544.281846 85.987543 1
567.120964 52.382789 1

567.120964 52.382789 1
552.017754 38.375387 1

552.017754 38.375387 1
534.469201 28.064086 1

534.469201 28.064086 1
535.724638 13.518567 1

535.724638 13.518567 1
518.666965 14.109402 1

518.666965 14.109402 1
517.421256 5.146676 1

517.421256 5.146676 1
490.172037 5.400955 1

490.172037 5.400955 1
500.761145 28.100788 1

500.761145 28.100788 1
565.170381 6.853945 1

565.170381 6.853945 1
593.316112 183.326627 1

593.316112 183.326627 1
605.348279 203.938334 1

605.348279 203.938334 1
606.325444 220.118489 1

606.325444 220.118489 1
638.568507 214.523645 1

638.568507 214.523645 1
709.278866 214.543688 1

709.278866 214.543688 1
719.643113 216.313238 1

719.643113 216.313238 1
720.378537 301.704998 1

720.378537 301.704998 1
716.473275 341.137141 1

716.473275 341.137141 1
572.214199 250.343864 1

572.214199 250.343864 1
565.683771 222.044523 1

565.683771 222.044523 1
565.917454 219.860339 1

565.917454 219.860339 1
549.594013 222.809734 1

549.594013 222.809734 1
469.561809 251.902055 1

469.561809 251.902055 1
466.482817 285.951904 1

466.482817 285.951904 1
460.489253 285.546154 1

460.489253 285.546154 1
466.324141 297.649099 1

466.324141 297.649099 1
491.781132 294.343455 1

491.781132 294.343455 1
501.705067 310.995705 1

501.705067 310.995705 1
299.734142 244.353881 1

299.734142 244.353881 1
292.432646 257.328349 1

292.432646 257.328349 1
291.289448 256.893672 1

291.289448 256.893672 1
275.351687 261.977235 1

275.351687 261.977235 1
264.118835 247.042711 1

264.118835 247.042711 1
258.045234 226.932432 1

258.045234 226.932432 1
274.120289 220.286738 1

274.120289 220.286738 1
264.167582 204.037857 1

264.167582 204.037857 1
257.305141 202.325697 1

257.305141 202.325697 1
241.671125 186.491592 1

241.671125 186.491592 1
253.724614 167.906721 1

253.724614 167.906721 1
253.040479 162.155064 1

253.040479 162.155064 1
255.334199 145.430373 1

255.334199 145.430373 1
274.425729 167.017320 1

274.425729 167.017320 1
278.871438 184.226960 1

278.871438 184.226960 1
311.519319 183.947711 1

311.519319 183.947711 1
310.920676 201.729305 1

310.920676 201.729305 1
322.440103 220.178419 1

322.440103 220.178419 1
364.309513 222.093841 1

364.309513 222.093841 1
372.176160 248.317087 1

372.176160 248.317087 1
374.138634 262.572951 1

374.138634 262.572951 1
404.613853 270.796818 1

404.613853 270.796818 1
413.026873 284.822922 1

413.026873 284.822922 1
444.321237 305.029725 1

444.321237 305.029725 1
432.877443 317.667083 1

432.877443 317.667083 1
447.918587 342.094157 1

447.918587 342.094157 1
460.057597 337.159243 1

460.057597 337.159243 1
480.786990 341.311634 1

480.786990 341.311634 1
496.277865 340.521967 1

496.277865 340.521967 1
508.587211 333.373174 1

508.587211 333.373174 1
529.269799 326.916573 1

529.269799 326.916573 1
531.265741 321.784982 1

531.265741 321.784982 1
538.829895 310.474908 1

538.829895 310.474908 1
548.654691 311.209149 1

548.654691 311.209149 1
560.774402 309.498172 1

560.774402 309.498172 1
557.064174 336.712254 1

557.064174 336.712254 1
554.201426 344.340192 1

554.201426 344.340192 1
562.622221 375.649889 1

562.622221 375.649889 1
571.126178 380.454602 1

571.126178 380.454602 1
596.256585 368.320898 1

596.256585 368.320898 1
606.063745 384.815477 1

606.063745 384.815477 1
612.145423 417.709737 1

612.145423 417.709737 1
632.944621 425.652728 1

632.944621 425.652728 1
650.186751 423.023674 1

650.186751 423.023674 1
648.362532 388.365482 1

