839.043465 350.720067 0
862.918318 348.277370 0

862.918318 348.277370 1
869.892065 374.187540 1

869.892065 374.187540 1
892.504352 373.517104 1

892.504352 373.517104 1
918.339658 388.531835 1

918.339658 388.531835 1
930.491374 395.881997 1

930.491374 395.881997 1
981.547129 402.836460 1

981.547129 402.836460 1
981.554506 435.499312 1

981.554506 435.499312 1
991.914044 464.814661 1

991.914044 464.814661 1
975.053832 524.695102 1

975.053832 524.695102 1
994.039041 583.013415 1

994.039041 583.013415 1
933.361638 587.931743 1

933.361638 587.931743 1
869.741009 604.666222 1

869.741009 604.666222 1
875.992076 547.930926 1

875.992076 547.930926 1
891.932362 529.631338 1

891.932362 529.631338 1
912.343518 496.669050 1

912.343518 496.669050 1
864.360757 512.367800 1

864.360757 512.367800 1
863.747744 527.159007 1

863.747744 527.159007 1
839.058523 524.543453 1

839.058523 524.543453 1
816.177517 557.177406 1

816.177517 557.177406 1
813.008888 571.557265 1

813.008888 571.557265 1
780.281342 570.139666 1

780.281342 570.139666 1
763.338572 594.513246 1

763.338572 594.513246 1
746.608146 577.117600 1

746.608146 577.117600 1
713.928180 578.514925 1

713.928180 578.514925 1
725.402635 606.136713 1

725.402635 606.136713 1
722.928955 607.880668 1

722.928955 607.880668 1
702.428565 616.341896 1

702.428565 616.341896 1
703.876513 620.736332 1

703.876513 620.736332 1
660.047969 638.180681 1

660.047969 638.180681 1
697.493847 702.898093 1

697.493847 702.898093 1
645.057316 694.551501 1

645.057316 694.551501 1
636.740786 694.521015 1

636.740786 694.521015 1
628.098349 701.460525 1

628.098349 701.460525 1
614.012866 729.419098 1

614.012866 729.419098 1
654.857972 757.341829 1

654.857972 757.341829 1
571.121787 768.584416 1

571.121787 768.584416 1
553.716019 823.928680 1

553.716019 823.928680 1
580.644290 869.846215 1

580.644290 869.846215 1
600.827895 848.951978 1

600.827895 848.951978 1
611.538666 855.098701 1

611.538666 855.098701 1
628.657026 850.649297 1

628.657026 850.649297 1
686.494910 841.664751 1

686.494910 841.664751 1
680.100340 829.322418 1

680.100340 829.322418 1
709.387087 809.457892 1

709.387087 809.457892 1
716.773436 863.634602 1

716.773436 863.634602 1
755.032583 901.100795 1

755.032583 901.100795 1
766.023327 845.182218 1

766.023327 845.182218 1
767.580659 843.462245 1

767.580659 843.462245 1
775.902360 843.999159 1

775.902360 843.999159 1
768.771407 821.956104 1

768.771407 821.956104 1
782.363497 822.057639 1

782.363497 822.057639 1
807.535381 815.262957 1

807.535381 815.262957 1
811.268080 809.782172 1

811.268080 809.782172 1
776.708835 761.619700 1

776.708835 761.619700 1
791.315147 751.877942 1

791.315147 751.877942 1
781.305925 741.571941 1

781.305925 741.571941 1
796.635166 713.335796 1

796.635166 713.335796 1
793.778932 685.109600 1

793.778932 685.109600 1
768.536927 690.141432 1

768.536927 690.141432 1
775.665874 655.288771 1

775.665874 655.288771 1
795.540615 655.780840 1

795.540615 655.780840 1
791.192767 632.991366 1

791.192767 632.991366 1
839.341651 639.955441 1

839.341651 639.955441 1
839.498126 641.565460 1

839.498126 641.565460 1
851.686509 665.134650 1

851.686509 665.134650 1
855.303697 668.708356 1

855.303697 668.708356 1
863.715991 655.156640 1

863.715991 655.156640 1
901.466344 679.626591 1

901.466344 679.626591 1
915.747009 676.482512 1

915.747009 676.482512 1
916.966338 647.034933 1

916.966338 647.034933 1
948.295279 655.519167 1

948.295279 655.519167 1
990.965365 687.895973 1

990.965365 687.895973 1
977.239695 693.684682 1

977.239695 693.684682 1
973.991282 711.203795 1

973.991282 711.203795 1
980.209527 732.574940 1

980.209527 732.574940 1
948.223406 740.585013 1

948.223406 740.585013 1
906.778703 720.085873 1

906.778703 720.085873 1
930.744804 747.270813 1

930.744804 747.270813 1
943.533286 770.238408 1

943.533286 770.238408 1
966.393718 835.361287 1

966.393718 835.361287 1
946.528045 810.125016 1

946.528045 810.125016 1
927.845704 805.360447 1

927.845704 805.360447 1
919.589365 799.334608 1

919.589365 799.334608 1
886.205021 791.259231 1

886.205021 791.259231 1
857.347938 811.007796 1

857.347938 811.007796 1
837.308360 802.735830 1

837.308360 802.735830 1
838.600204 822.240855 1

838.600204 822.240855 1
866.817300 838.784890 1

866.817300 838.784890 1
825.923463 858.338944 1

825.923463 858.338944 1
836.334491 900.098804 1

836.334491 900.098804 1
872.611707 904.191121 1

872.611707 904.191121 1
881.099012 911.080687 1

881.099012 911.080687 1
926.391182 898.549185 1

926.391182 898.549185 1
949.913903 895.200248 1

949.913903 895.200248 1
943.915426 909.707168 1

943.915426 909.707168 1
976.639750 958.549703 1

976.639750 958.549703 1
986.114307 965.701039 1

986.114307 965.701039 1
967.023600 971.823092 1

967.023600 971.823092 1
926.204469 985.670309 1

926.204469 985.670309 1
914.866370 960.064271 1

914.866370 960.064271 1
861.995264 966.994385 1

861.995264 966.994385 1
853.855857 970.298130 1

853.855857 970.298130 1
830.009613 991.364068 1

830.009613 991.364068 1
830.807566 938.501401 1

830.807566 938.501401 1
786.848819 963.971779 1

786.848819 963.971779 1
763.170737 964.708983 1

763.170737 964.708983 1
749.002137 951.535843 1

749.002137 951.535843 1
723.180394 936.238699 1

723.180394 936.238699 1
737.174323 972.197017 1

737.174323 972.197017 1
732.772678 970.731459 1

732.772678 970.731459 1
722.336530 965.953567 1

722.336530 965.953567 1
682.927149 978.268147 1

682.927149 978.268147 1
673.965523 952.932890 1

673.965523 952.932890 1
651.687163 932.182872 1

651.687163 932.182872 1
631.930322 924.032560 1

631.930322 924.032560 1
577.147628 955.447810 1

577.147628 955.447810 1
562.986667 989.266368 1

562.986667 989.266368 1
503.191641 981.141698 1

503.191641 981.141698 1
463.779688 975.593546 1

463.779688 975.593546 1
490.625900 950.550859 1

490.625900 950.550859 1
517.529210 897.819258 1

517.529210 897.819258 1
517.642820 851.524102 1

517.642820 851.524102 1
475.644823 885.579495 1

475.644823 885.579495 1
413.796524 913.294646 1

413.796524 913.294646 1
391.179005 877.898121 1

391.179005 877.898121 1
371.481400 839.551520 1

371.481400 839.551520 1
347.356008 821.335297 1

347.356008 821.335297 1
327.625505 850.187873 1

327.625505 850.187873 1
329.276864 897.191187 1

329.276864 897.191187 1
321.090684 980.097041 1

321.090684 980.097041 1
256.074395 905.373117 1

256.074395 905.373117 1
213.265538 918.740635 1

213.265538 918.740635 1
216.177955 968.019942 1

216.177955 968.019942 1
231.481188 985.776538 1

231.481188 985.776538 1
210.317907 994.345034 1

210.317907 994.345034 1
189.977589 998.308503 1

189.977589 998.308503 1
186.900883 974.544669 1

186.900883 974.544669 1
156.034642 937.045324 1

156.034642 937.045324 1
126.295538 966.915759 1

126.295538 966.915759 1
113.889424 978.556797 1

113.889424 978.556797 1
90.433498 971.887359 1

90.433498 971.887359 1
93.884234 958.646391 1

93.884234 958.646391 1
88.013604 941.358104 1

88.013604 941.358104 1
96.308815 915.384082 1

96.308815 915.384082 1
60.756678 886.037214 1

60.756678 886.037214 1
49.239630 910.990696 1

49.239630 910.990696 1
14.483766 963.788713 1

14.483766 963.788713 1
3.312437 931.906013 1

3.312437 931.906013 1
13.489850 895.354770 1

13.489850 895.354770 1
24.587713 861.526142 1

24.587713 861.526142 1
26.569944 844.189960 1

26.569944 844.189960 1
44.036327 805.150852 1

44.036327 805.150852 1
18.512726 784.099191 1

18.512726 784.099191 1
21.810620 737.769973 1

21.810620 737.769973 1
4.817970 712.817316 1

4.817970 712.817316 1
16.674900 658.566946 1

16.674900 658.566946 1
28.659517 697.417325 1

28.659517 697.417325 1
46.855307 733.924101 1

46.855307 733.924101 1
67.850227 722.834485 1

67.850227 722.834485 1
85.358815 730.241777 1

85.358815 730.241777 1
97.552341 735.635517 1

97.552341 735.635517 1
124.312897 794.415086 1

124.312897 794.415086 1
162.253786 769.632503 1

162.253786 769.632503 1
189.892060 804.747034 1

189.892060 804.747034 1
197.132847 820.906985 1

197.132847 820.906985 1
156.465001 842.949353 1

156.465001 842.949353 1
203.517120 843.966165 1

203.517120 843.966165 1
261.263431 839.142402 1

261.263431 839.142402 1
265.933380 788.337932 1

265.933380 788.337932 1
314.769335 804.975530 1

314.769335 804.975530 1
308.953410 775.888243 1

308.953410 775.888243 1
313.041901 761.240641 1

313.041901 761.240641 1
306.104215 734.918874 1

306.104215 734.918874 1
330.485019 723.001931 1

330.485019 723.001931 1
320.455104 708.533905 1

320.455104 708.533905 1
298.911460 704.051282 1

298.911460 704.051282 1
294.380460 679.616760 1

294.380460 679.616760 1
326.904504 683.557630 1

326.904504 683.557630 1
336.537994 668.870272 1

336.537994 668.870272 1
344.424931 665.549677 1

344.424931 665.549677 1
345.429324 629.487179 1

345.429324 629.487179 1
376.607254 598.302109 1

376.607254 598.302109 1
367.262319 584.819587 1

367.262319 584.819587 1
371.059585 581.062441 1

371.059585 581.062441 1
383.720157 542.423780 1

383.720157 542.423780 1
424.676993 574.551860 1

424.676993 574.551860 1
486.539386 573.322930 1

486.539386 573.322930 1
483.877387 598.781019 1

483.877387 598.781019 1
493.316465 623.821624 1

493.316465 623.821624 1
522.628638 622.643922 1

522.628638 622.643922 1
483.604884 658.397707 1

483.604884 658.397707 1
475.777056 664.917695 1

475.777056 664.917695 1
433.843954 667.142056 1

433.843954 667.142056 1
410.732316 701.045925 1

410.732316 701.045925 1
395.376426 711.842055 1

395.376426 711.842055 1
387.622046 735.981449 1

387.622046 735.981449 1
376.886624 730.534646 1

376.886624 730.534646 1
362.754715 756.486915 1

362.754715 756.486915 1
374.721128 792.999312 1

374.721128 792.999312 1
412.249719 787.414565 1

412.249719 787.414565 1
426.130083 823.090995 1

426.130083 823.090995 1
440.520480 848.776942 1

440.520480 848.776942 1
459.427803 804.921687 1

459.427803 804.921687 1
469.484431 804.704206 1

469.484431 804.704206 1
474.362472 793.463453 1

474.362472 793.463453 1
448.102820 740.110793 1

448.102820 740.110793 1
459.454058 742.146886 1

459.454058 742.146886 1
491.622927 740.977643 1

491.622927 740.977643 1
501.802844 701.438802 1

501.802844 701.438802 1
559.710288 695.668358 1

559.710288 695.668358 1
541.753186 662.490855 1

541.753186 662.490855 1
579.108833 642.831122 1

579.108833 642.831122 1
584.376156 645.437151 1

584.376156 645.437151 1
604.159129 626.438835 1

604.159129 626.438835 1
591.145393 612.508658 1

591.145393 612.508658 1
573.878445 574.314907 1

573.878445 574.314907 1
566.892755 581.122346 1

566.892755 581.122346 1
551.234999 571.964938 1

551.234999 571.964938 1
554.666039 558.014760 1

554.666039 558.014760 1
581.987548 557.858120 1

581.987548 557.858120 1
605.753680 560.504592 1

605.753680 560.504592 1
626.592986 562.564076 1

626.592986 562.564076 1
651.665699 599.689706 1

651.665699 599.689706 1
663.688299 601.704041 1

663.688299 601.704041 1
663.498812 576.050311 1

663.498812 576.050311 1
656.361725 532.643377 1

656.361725 532.643377 1
636.039954 481.396831 1

636.039954 481.396831 1
671.621716 468.031640 1

671.621716 468.031640 1
672.491025 429.102477 1

672.491025 429.102477 1
676.437391 418.678259 1

676.437391 418.678259 1
670.616257 410.299618 1

670.616257 410.299618 1
665.206640 410.046336 1

665.206640 410.046336 1
663.645677 378.183678 1

663.645677 378.183678 1
633.996032 374.318408 1

633.996032 374.318408 1
599.281739 355.983683 1

599.281739 355.983683 1
585.048135 375.196289 1

585.048135 375.196289 1
569.110491 373.826293 1

569.110491 373.826293 1
555.807414 393.439695 1

555.807414 393.439695 1
562.029929 403.541473 1

562.029929 403.541473 1
541.794747 410.653688 1

541.794747 410.653688 1
482.889432 370.004345 1

482.889432 370.004345 1
502.984859 396.718469 1

502.984859 396.718469 1
522.715912 425.684296 1

522.715912 425.684296 1
523.679656 428.428277 1

523.679656 428.428277 1
525.347833 442.821660 1

525.347833 442.821660 1
546.965522 446.458238 1

546.965522 446.458238 1
551.604778 428.606135 1

551.604778 428.606135 1
583.349541 434.886389 1

583.349541 434.886389 1
582.710495 464.047434 1

582.710495 464.047434 1
584.961992 485.676307 1

584.961992 485.676307 1
596.899108 498.078649 1

596.899108 498.078649 1
577.681951 503.754019 1

577.681951 503.754019 1
530.590251 522.965549 1

530.590251 522.965549 1
505.748264 511.862272 1

505.748264 511.862272 1
503.776095 502.924238 1

503.776095 502.924238 1
498.535510 488.046425 1

498.535510 488.046425 1
484.750301 463.517174 1

484.750301 463.517174 1
442.884887 454.760385 1

442.884887 454.760385 1
388.396900 500.022790 1

388.396900 500.022790 1
374.073561 492.894637 1

374.073561 492.894637 1
381.025840 474.119915 1

381.025840 474.119915 1
382.673502 443.465107 1

382.673502 443.465107 1
339.780172 445.760309 1

339.780172 445.760309 1
345.415628 437.440019 1

345.415628 437.440019 1
369.420550 413.782822 1

369.420550 413.782822 1
377.569578 390.254796 1

377.569578 390.254796 1
398.289369 388.933083 1

398.289369 388.933083 1
396.786133 340.786254 1

396.786133 340.786254 1
341.891704 350.255377 1

341.891704 350.255377 1
337.339557 304.955945 1

337.339557 304.955945 1
363.224169 293.179592 1

363.224169 293.179592 1
355.702948 282.750799 1

355.702948 282.750799 1
335.346348 270.035986 1

335.346348 270.035986 1
356.334696 241.244952 1

356.334696 241.244952 1
311.041700 242.899398 1

311.041700 242.899398 1
295.530510 282.745602 1

295.530510 282.745602 1
283.506523 285.210322 1

283.506523 285.210322 1
278.780131 304.253223 1

278.780131 304.253223 1
300.575300 314.331857 1

300.575300 314.331857 1
285.243128 360.626990 1

285.243128 360.626990 1
283.303903 361.463502 1

283.303903 361.463502 1
253.345443 385.696281 1

253.345443 385.696281 1
259.419753 439.593086 1

259.419753 439.593086 1
198.983598 468.160522 1

198.983598 468.160522 1
226.636743 501.610186 1

226.636743 501.610186 1
223.225664 506.494914 1

223.225664 506.494914 1
228.479570 516.506485 1

228.479570 516.506485 1
223.973230 528.126328 1

223.973230 528.126328 1
249.802016 523.094842 1

249.802016 523.094842 1
286.638178 542.935035 1

286.638178 542.935035 1
287.958529 539.004446 1

287.958529 539.004446 1
292.750630 537.153659 1

292.750630 537.153659 1
320.764715 575.548690 1

320.764715 575.548690 1
289.784578 603.825006 1

289.784578 603.825006 1
261.646896 589.866105 1

261.646896 589.866105 1
281.017291 619.184567 1

281.017291 619.184567 1
289.122375 646.748813 1

289.122375 646.748813 1
279.284473 653.077141 1

279.284473 653.077141 1
252.216529 653.568379 1

252.216529 653.568379 1
239.403471 652.686062 1

239.403471 652.686062 1
226.055301 657.794662 1

226.055301 657.794662 1
170.154647 686.262480 1

170.154647 686.262480 1
145.279785 670.358335 1

145.279785 670.358335 1
101.931027 665.533555 1

101.931027 665.533555 1
77.638322 634.230298 1

77.638322 634.230298 1
107.590460 635.149485 1

107.590460 635.149485 1
157.131929 628.194114 1

157.131929 628.194114 1
128.074795 599.492570 1

128.074795 599.492570 1
152.446503 574.706303 1

152.446503 574.706303 1
174.614780 580.489427 1

174.614780 580.489427 1
211.889888 592.806642 1

211.889888 592.806642 1
214.793369 577.932383 1

214.793369 577.932383 1
179.545450 530.074402 1

179.545450 530.074402 1
162.011225 499.929742 1

162.011225 499.929742 1
121.106775 482.079641 1

121.106775 482.079641 1
123.649255 465.552851 1

123.649255 465.552851 1
84.883316 452.479977 1

84.883316 452.479977 1
73.056455 439.251856 1

73.056455 439.251856 1
57.745169 485.045047 1

57.745169 485.045047 1
66.770033 489.374107 1

66.770033 489.374107 1
63.034242 507.284124 1

63.034242 507.284124 1
43.665492 523.712479 1

43.665492 523.712479 1
23.714237 532.253401 1

23.714237 532.253401 1
6.394746 487.318732 1

6.394746 487.318732 1
8.056590 479.099964 1

8.056590 479.099964 1
2.329030 453.413880 1

2.329030 453.413880 1
39.721094 442.800657 1

39.721094 442.800657 1
28.792182 409.515287 1

28.792182 409.515287 1
33.963754 401.283815 1

33.963754 401.283815 1
6.108639 384.723597 1

6.108639 384.723597 1
61.602669 335.074290 1

61.602669 335.074290 1
64.234695 314.412449 1

64.234695 314.412449 1
84.150581 293.852961 1

84.150581 293.852961 1
101.956150 309.262729 1

101.956150 309.262729 1
111.626351 357.414701 1

111.626351 357.414701 1
119.947620 379.968611 1

119.947620 379.968611 1
128.560727 376.776557 1

128.560727 376.776557 1
132.173026 391.800681 1

132.173026 391.800681 1
122.782362 429.182142 1

122.782362 429.182142 1
137.863574 449.135496 1

137.863574 449.135496 1
162.427570 458.466554 1

162.427570 458.466554 1
157.770730 425.493056 1

157.770730 425.493056 1
184.204473 402.558255 1

184.204473 402.558255 1
194.355162 381.793218 1

194.355162 381.793218 1
167.164846 340.403048 1

167.164846 340.403048 1
167.088152 320.846251 1

167.088152 320.846251 1
196.021707 327.716599 1

196.021707 327.716599 1
243.023262 287.910527 1

243.023262 287.910527 1
255.669782 281.091095 1

255.669782 281.091095 1
224.271970 250.970772 1

224.271970 250.970772 1
207.602575 259.957338 1

207.602575 259.957338 1
185.267302 242.712299 1

185.267302 242.712299 1
172.206050 263.410035 1

172.206050 263.410035 1
141.934700 261.859476 1

141.934700 261.859476 1
133.784681 237.729919 1

133.784681 237.729919 1
133.671159 230.205639 1

133.671159 230.205639 1
135.409989 224.427314 1

135.409989 224.427314 1
175.578365 209.795020 1

175.578365 209.795020 1
182.832977 193.054465 1

182.832977 193.054465 1
235.136313 186.398190 1

235.136313 186.398190 1
238.916108 195.883661 1

238.916108 195.883661 1
289.606604 184.945362 1

289.606604 184.945362 1
269.018319 155.865993 1

269.018319 155.865993 1
286.559746 125.361588 1

286.559746 125.361588 1
277.927632 103.360201 1

277.927632 103.360201 1
241.523992 109.621923 1

241.523992 109.621923 1
202.112358 71.936313 1

202.112358 71.936313 1
174.806021 96.642409 1

174.806021 96.642409 1
168.619660 97.466263 1

168.619660 97.466263 1
132.349771 110.643937 1

132.349771 110.643937 1
70.930207 130.070315 1

70.930207 130.070315 1
52.798370 140.666133 1

52.798370 140.666133 1
28.771834 183.092340 1

28.771834 183.092340 1
55.148183 97.569905 1

55.148183 97.569905 1
94.177458 85.188619 1

94.177458 85.188619 1
80.172658 70.131107 1

80.172658 70.131107 1
59.385357 74.804658 1

59.385357 74.804658 1
5.270354 4.386245 1

5.270354 4.386245 1
54.842825 3.278983 1

54.842825 3.278983 1
151.341062 0.487925 1

151.341062 0.487925 1
165.128165 11.338338 1

165.128165 11.338338 1
189.269487 8.988870 1

189.269487 8.988870 1
187.936418 13.485561 1

187.936418 13.485561 1
242.688074 50.572777 1

242.688074 50.572777 1
266.964429 22.786169 1

266.964429 22.786169 1
318.222032 25.175036 1

318.222032 25.175036 1
304.001170 81.099724 1

304.001170 81.099724 1
295.211022 107.931767 1

295.211022 107.931767 1
320.975704 129.532400 1

320.975704 129.532400 1
320.319503 148.719351 1

320.319503 148.719351 1
357.675927 168.841145 1

357.675927 168.841145 1
395.498922 217.361695 1

395.498922 217.361695 1
426.475659 240.488522 1

426.475659 240.488522 1
426.465765 281.354347 1

426.465765 281.354347 1
423.912390 294.777341 1

423.912390 294.777341 1
429.198012 312.668617 1

429.198012 312.668617 1
465.581965 311.585673 1

465.581965 311.585673 1
469.395270 286.150252 1

469.395270 286.150252 1
484.412685 264.131277 1

484.412685 264.131277 1
512.956439 250.974507 1

512.956439 250.974507 1
518.021447 196.796569 1

518.021447 196.796569 1
479.038412 163.075812 1

479.038412 163.075812 1
448.911194 124.795811 1

448.911194 124.795811 1
418.518025 92.865065 1

418.518025 92.865065 1
377.227962 24.351432 1

377.227962 24.351432 1
422.259523 25.859506 1

422.259523 25.859506 1
444.616410 16.684014 1

444.616410 16.684014 1
455.893415 19.705549 1

455.893415 19.705549 1
496.937063 19.884597 1

496.937063 19.884597 1
538.685552 34.871932 1

538.685552 34.871932 1
518.791242 81.393483 1

518.791242 81.393483 1
541.546245 146.051044 1

541.546245 146.051044 1
586.743817 163.584985 1

586.743817 163.584985 1
654.799922 130.635028 1

654.799922 130.635028 1
614.059977 112.044651 1

614.059977 112.044651 1
592.967675 92.227314 1

592.967675 92.227314 1
573.435685 59.000310 1

573.435685 59.000310 1
579.248837 19.197450 1

579.248837 19.197450 1
605.897472 19.754120 1

605.897472 19.754120 1
608.690566 40.412279 1

608.690566 40.412279 1
632.994553 44.950855 1

632.994553 44.950855 1
645.318481 13.450149 1

645.318481 13.450149 1
656.281271 11.402064 1

656.281271 11.402064 1
679.711209 25.568614 1

679.711209 25.568614 1
703.365258 60.418538 1

703.365258 60.418538 1
705.692071 54.811996 1

705.692071 54.811996 1
725.013453 13.267917 1

725.013453 13.267917 1
749.862896 2.171910 1

749.862896 2.171910 1
836.148255 20.009576 1

836.148255 20.009576 1
847.190068 35.810510 1

847.190068 35.810510 1
830.150566 43.409295 1

830.150566 43.409295 1
855.715239 60.359801 1

855.715239 60.359801 1
836.872572 73.909964 1

836.872572 73.909964 1
782.770682 73.487780 1

782.770682 73.487780 1
786.414543 88.632727 1

786.414543 88.632727 1
792.188364 113.675498 1

792.188364 113.675498 1
785.015640 131.921641 1

785.015640 131.921641 1
745.066960 133.771678 1

745.066960 133.771678 1
711.697469 165.271661 1

711.697469 165.271661 1
716.619861 204.484808 1

716.619861 204.484808 1
637.840900 198.824005 1

637.840900 198.824005 1
611.259512 211.176406 1

611.259512 211.176406 1
597.899968 231.320104 1

597.899968 231.320104 1
582.318197 224.249352 1

582.318197 224.249352 1
577.615517 210.869383 1

577.615517 210.869383 1
564.723142 202.727421 1

564.723142 202.727421 1
555.688460 230.011543 1

555.688460 230.011543 1
572.222072 260.543598 1

572.222072 260.543598 1
548.080310 292.285682 1

548.080310 292.285682 1
548.571157 294.842851 1

548.571157 294.842851 1
549.958999 298.420510 1

549.958999 298.420510 1
557.937553 303.577845 1

557.937553 303.577845 1
615.434719 311.986834 1

615.434719 311.986834 1
651.122644 288.167301 1

651.122644 288.167301 1
669.299469 288.733383 1

669.299469 288.733383 1
690.459987 311.102184 1

690.459987 311.102184 1
720.380522 285.133154 1

720.380522 285.133154 1
756.172913 290.424813 1

756.172913 290.424813 1
764.339795 296.524422 1

764.339795 296.524422 1
772.812788 285.588680 1

772.812788 285.588680 1
772.358240 260.440400 1

772.358240 260.440400 1
798.503282 240.404885 1

798.503282 240.404885 1
808.098704 199.325803 1

808.098704 199.325803 1
817.952536 158.487829 1

817.952536 158.487829 1
848.415119 163.700873 1

848.415119 163.700873 1
899.033927 149.678189 1

899.033927 149.678189 1
892.403516 114.869616 1

892.403516 114.869616 1
909.541452 87.954069 1

909.541452 87.954069 1
922.508197 62.735589 1

922.508197 62.735589 1
898.307184 40.414506 1

898.307184 40.414506 1
947.763965 10.662801 1

947.763965 10.662801 1
948.990365 98.000350 1

948.990365 98.000350 1
968.278280 88.101260 1

968.278280 88.101260 1
978.749630 103.104748 1

978.749630 103.104748 1
993.941748 110.221301 1

993.941748 110.221301 1
991.206441 139.933197 1

991.206441 139.933197 1
948.057457 143.932606 1

948.057457 143.932606 1
959.152915 156.393452 1

959.152915 156.393452 1
968.174958 232.490457 1

968.174958 232.490457 1
994.104852 324.224519 1

994.104852 324.224519 1
935.837916 327.269981 1

935.837916 327.269981 1
935.733137 286.672257 1

935.733137 286.672257 1
918.235597 287.902912 1

918.235597 287.902912 1
864.264252 232.616435 1

864.264252 232.616435 1
803.490227 284.439880 1

803.490227 284.439880 1
805.522762 332.674159 1

805.522762 332.674159 1
780.858261 324.156724 1

780.858261 324.156724 1
755.174471 371.257723 1

755.174471 371.257723 1
735.500174 374.088841 1

735.500174 374.088841 1
737.213245 444.988385 1

737.213245 444.988385 1
743.012138 504.730745 1

743.012138 504.730745 1
742.645134 507.581908 1

742.645134 507.581908 1
791.987278 501.281388 1

791.987278 501.281388 1
832.307982 482.204734 1

832.307982 482.204734 1
813.320171 443.030301 1

813.320171 443.030301 1
824.856401 428.975655 1

824.856401 428.975655 1
867.911114 416.634336 1

867.911114 416.634336 1
821.943129 397.279203 1

821.943129 397.279203 1
837.222489 383.458692 1

837.222489 383.458692 1
839.043465 350.720067 1

839.043465 350.720067 1
862.918318 348.277370 1

