530.302517 371.620937 0
524.439460 360.953552 0

524.439460 360.953552 1
535.233641 337.419002 1

535.233641 337.419002 1
530.657132 317.564863 1

530.657132 317.564863 1
501.591421 347.208323 1

501.591421 347.208323 1
490.728991 377.743608 1

490.728991 377.743608 1
509.622327 404.851383 1

509.622327 404.851383 1
448.054100 389.929545 1

448.054100 389.929545 1
473.333820 417.154368 1

473.333820 417.154368 1
471.649072 431.002957 1

471.649072 431.002957 1
462.137917 490.828184 1

462.137917 490.828184 1
457.196903 496.270673 1

457.196903 496.270673 1
468.462548 511.343182 1

468.462548 511.343182 1
475.000805 509.591623 1

475.000805 509.591623 1
473.327970 498.994488 1

473.327970 498.994488 1
494.668140 486.410281 1

494.668140 486.410281 1
491.755646 472.261367 1

491.755646 472.261367 1
512.418279 476.136737 1

512.418279 476.136737 1
509.142278 466.572141 1

509.142278 466.572141 1
525.558150 437.976080 1

525.558150 437.976080 1
558.431396 464.432592 1

558.431396 464.432592 1
545.823166 499.224370 1

545.823166 499.224370 1
529.811725 537.309251 1

529.811725 537.309251 1
551.501492 533.587333 1

551.501492 533.587333 1
558.841759 532.725494 1

558.841759 532.725494 1
562.884119 545.558553 1

562.884119 545.558553 1
592.074700 566.264184 1

592.074700 566.264184 1
619.339610 521.611369 1

619.339610 521.611369 1
676.522571 532.144023 1

676.522571 532.144023 1
682.938432 496.999711 1

682.938432 496.999711 1
704.130108 505.514199 1

704.130108 505.514199 1
700.128702 485.582302 1

700.128702 485.582302 1
696.036453 448.342916 1

696.036453 448.342916 1
710.188168 441.775993 1

710.188168 441.775993 1
739.991079 474.054175 1

739.991079 474.054175 1
770.503192 472.383461 1

770.503192 472.383461 1
776.619968 459.586995 1

776.619968 459.586995 1
777.383110 447.916522 1

777.383110 447.916522 1
766.512299 447.614206 1

766.512299 447.614206 1
752.952162 448.290914 1

752.952162 448.290914 1
753.560987 430.648486 1

753.560987 430.648486 1
766.765454 434.290127 1

766.765454 434.290127 1
793.692032 433.835360 1

793.692032 433.835360 1
804.526484 457.283991 1

804.526484 457.283991 1
809.991390 448.514478 1

809.991390 448.514478 1
822.519922 390.435507 1

822.519922 390.435507 1
858.124330 410.473955 1

858.124330 410.473955 1
871.289540 395.726156 1

871.289540 395.726156 1
911.289732 387.614250 1

911.289732 387.614250 1
938.832529 346.742041 1

938.832529 346.742041 1
959.238365 349.932037 1

959.238365 349.932037 1
948.659583 363.998614 1

948.659583 363.998614 1
938.498980 374.812146 1

938.498980 374.812146 1
936.241774 384.828289 1

936.241774 384.828289 1
941.128645 410.935610 1

941.128645 410.935610 1
960.496951 409.671851 1

960.496951 409.671851 1
968.458415 419.656858 1

968.458415 419.656858 1
977.523388 403.662153 1

977.523388 403.662153 1
998.647001 412.529286 1

998.647001 412.529286 1
974.388530 429.928571 1

974.388530 429.928571 1
975.335793 457.925967 1

975.335793 457.925967 1
958.891022 480.597609 1

958.891022 480.597609 1
977.882013 483.078275 1

977.882013 483.078275 1
989.297253 516.669821 1

989.297253 516.669821 1
977.325549 525.368702 1

977.325549 525.368702 1
990.606392 531.244510 1

990.606392 531.244510 1
989.893117 555.132113 1

989.893117 555.132113 1
948.962887 551.378487 1

948.962887 551.378487 1
954.537271 583.526813 1

954.537271 583.526813 1
921.597363 614.361085 1

921.597363 614.361085 1
973.451584 599.366393 1

973.451584 599.366393 1
981.595845 601.874525 1

981.595845 601.874525 1
994.933355 620.974991 1

994.933355 620.974991 1
989.516207 628.958590 1

989.516207 628.958590 1
995.898146 649.635757 1

995.898146 649.635757 1
978.072756 656.002912 1

978.072756 656.002912 1
963.776879 646.899102 1

963.776879 646.899102 1
981.224002 683.290757 1

981.224002 683.290757 1
957.807013 692.110769 1

957.807013 692.110769 1
930.295625 687.894064 1

930.295625 687.894064 1
921.265268 704.246572 1

921.265268 704.246572 1
929.063611 744.791734 1

929.063611 744.791734 1
890.869961 754.987867 1

890.869961 754.987867 1
881.660505 741.125522 1

881.660505 741.125522 1
877.824992 748.414182 1

877.824992 748.414182 1
860.963664 761.869661 1

860.963664 761.869661 1
854.695904 751.029922 1

854.695904 751.029922 1
815.526471 746.126025 1

815.526471 746.126025 1
828.281372 695.918529 1

828.281372 695.918529 1
818.686519 663.437818 1

818.686519 663.437818 1
811.390061 655.268778 1

811.390061 655.268778 1
794.954600 673.133391 1

794.954600 673.133391 1
800.990459 698.739782 1

800.990459 698.739782 1
775.572522 727.669957 1

775.572522 727.669957 1
764.813442 728.280725 1

764.813442 728.280725 1
775.752898 702.388264 1

775.752898 702.388264 1
762.896437 697.107137 1

762.896437 697.107137 1
742.176236 701.557323 1

742.176236 701.557323 1
749.983863 711.441479 1

749.983863 711.441479 1
750.259561 723.557429 1

750.259561 723.557429 1
750.073364 742.408461 1

750.073364 742.408461 1
729.989024 750.664416 1

729.989024 750.664416 1
739.501417 773.683890 1

739.501417 773.683890 1
706.542917 774.857881 1

706.542917 774.857881 1
703.035679 767.320678 1

703.035679 767.320678 1
696.258332 738.426797 1

696.258332 738.426797 1
713.971207 705.324816 1

713.971207 705.324816 1
670.478235 689.621390 1

670.478235 689.621390 1
663.132898 672.374774 1

663.132898 672.374774 1
671.789743 671.683688 1

671.789743 671.683688 1
678.979472 666.095278 1

678.979472 666.095278 1
722.411325 650.933594 1

722.411325 650.933594 1
731.986122 670.632598 1

731.986122 670.632598 1
745.800062 673.360298 1

745.800062 673.360298 1
759.511781 662.503466 1

759.511781 662.503466 1
788.131253 641.675700 1

788.131253 641.675700 1
787.152081 620.892314 1

787.152081 620.892314 1
797.851591 624.957973 1

797.851591 624.957973 1
812.849428 616.822192 1

812.849428 616.822192 1
826.603646 598.097886 1

826.603646 598.097886 1
831.512775 587.557366 1

831.512775 587.557366 1
841.024613 649.141537 1

841.024613 649.141537 1
849.123295 665.619293 1

849.123295 665.619293 1
859.282773 674.661215 1

859.282773 674.661215 1
866.741243 641.849758 1

866.741243 641.849758 1
875.046835 623.993739 1

875.046835 623.993739 1
844.468175 587.195191 1

844.468175 587.195191 1
842.275687 586.338660 1

842.275687 586.338660 1
829.176039 567.392531 1

829.176039 567.392531 1
858.350966 562.318452 1

858.350966 562.318452 1
860.904674 561.952006 1

860.904674 561.952006 1
899.879165 515.483677 1

899.879165 515.483677 1
901.470970 526.620658 1

901.470970 526.620658 1
913.229340 529.336135 1

913.229340 529.336135 1
938.624424 497.216143 1

938.624424 497.216143 1
924.988718 488.925511 1

924.988718 488.925511 1
920.773640 462.179919 1

920.773640 462.179919 1
906.649499 431.363572 1

906.649499 431.363572 1
906.791544 428.879024 1

906.791544 428.879024 1
904.788592 415.947770 1

904.788592 415.947770 1
884.898263 432.491064 1

884.898263 432.491064 1
866.597488 455.878447 1

866.597488 455.878447 1
845.161687 448.886635 1

845.161687 448.886635 1
826.693098 453.261757 1

826.693098 453.261757 1
835.678159 485.737583 1

835.678159 485.737583 1
846.812097 489.167981 1

846.812097 489.167981 1
828.323000 510.535497 1

828.323000 510.535497 1
806.197512 519.121605 1

806.197512 519.121605 1
810.698605 534.305591 1

810.698605 534.305591 1
777.363173 562.831067 1

777.363173 562.831067 1
760.357077 562.774916 1

760.357077 562.774916 1
749.552633 572.612667 1

749.552633 572.612667 1
728.004185 565.663802 1

728.004185 565.663802 1
716.794464 609.866146 1

716.794464 609.866146 1
727.641651 626.632798 1

727.641651 626.632798 1
713.215507 637.602149 1

713.215507 637.602149 1
704.367561 629.283477 1

704.367561 629.283477 1
704.074982 592.876622 1

704.074982 592.876622 1
697.738144 593.619765 1

697.738144 593.619765 1
695.573146 592.390348 1

695.573146 592.390348 1
675.465789 602.654406 1

675.465789 602.654406 1
647.910142 609.993831 1

647.910142 609.993831 1
650.420945 620.152024 1

650.420945 620.152024 1
640.092936 624.616267 1

640.092936 624.616267 1
584.662174 640.325828 1

584.662174 640.325828 1
609.405127 657.606780 1

609.405127 657.606780 1
621.863944 684.855039 1

621.863944 684.855039 1
631.474317 681.396680 1

631.474317 681.396680 1
644.731701 690.301087 1

644.731701 690.301087 1
650.652203 714.926950 1

650.652203 714.926950 1
650.772627 730.738755 1

650.772627 730.738755 1
635.278645 734.517875 1

635.278645 734.517875 1
624.304246 729.339491 1

624.304246 729.339491 1
623.864986 720.580883 1

623.864986 720.580883 1
601.150435 691.934599 1

601.150435 691.934599 1
567.234505 684.134516 1

567.234505 684.134516 1
573.844907 699.431920 1

573.844907 699.431920 1
582.214759 731.681708 1

582.214759 731.681708 1
576.172159 743.137283 1

576.172159 743.137283 1
559.861900 744.675818 1

559.861900 744.675818 1
537.489802 767.777009 1

537.489802 767.777009 1
514.128114 740.876665 1

514.128114 740.876665 1
518.158849 727.882096 1

518.158849 727.882096 1
491.807707 718.729041 1

491.807707 718.729041 1
490.674938 715.039562 1

490.674938 715.039562 1
422.495042 726.922247 1

422.495042 726.922247 1
419.452025 724.040400 1

419.452025 724.040400 1
419.779964 714.372188 1

419.779964 714.372188 1
413.645864 710.195289 1

413.645864 710.195289 1
382.982880 714.662392 1

382.982880 714.662392 1
379.817011 794.309387 1

379.817011 794.309387 1
383.577449 838.711113 1

383.577449 838.711113 1
404.661996 862.267377 1

404.661996 862.267377 1
408.865165 848.331486 1

408.865165 848.331486 1
421.388410 825.978103 1

421.388410 825.978103 1
460.418276 794.799894 1

460.418276 794.799894 1
479.814111 812.813668 1

479.814111 812.813668 1
467.736765 815.522315 1

467.736765 815.522315 1
468.223564 817.647491 1

468.223564 817.647491 1
459.169174 857.743630 1

459.169174 857.743630 1
461.441452 867.788352 1

461.441452 867.788352 1
452.950414 874.870975 1

452.950414 874.870975 1
438.411257 865.903321 1

438.411257 865.903321 1
424.315744 887.805614 1

424.315744 887.805614 1
406.306787 906.784253 1

406.306787 906.784253 1
380.202835 911.563364 1

380.202835 911.563364 1
409.349547 917.696468 1

409.349547 917.696468 1
402.647633 922.635137 1

402.647633 922.635137 1
402.687262 928.315316 1

402.687262 928.315316 1
405.674500 946.301758 1

405.674500 946.301758 1
441.716036 923.580768 1

441.716036 923.580768 1
460.513470 927.236755 1

460.513470 927.236755 1
468.815772 905.519535 1

468.815772 905.519535 1
502.642333 909.829247 1

502.642333 909.829247 1
532.352671 893.912649 1

532.352671 893.912649 1
520.032321 883.411842 1

520.032321 883.411842 1
521.774025 862.707087 1

521.774025 862.707087 1
519.182928 840.253583 1

519.182928 840.253583 1
538.081893 832.784135 1

538.081893 832.784135 1
555.667965 817.489051 1

555.667965 817.489051 1
592.011554 790.149922 1

592.011554 790.149922 1
637.828946 795.004420 1

637.828946 795.004420 1
656.724679 827.423814 1

656.724679 827.423814 1
657.265559 806.647939 1

657.265559 806.647939 1
663.631662 749.846798 1

663.631662 749.846798 1
677.188300 775.220934 1

677.188300 775.220934 1
681.760780 787.388157 1

681.760780 787.388157 1
669.493653 792.676066 1

669.493653 792.676066 1
677.439800 808.835671 1

677.439800 808.835671 1
685.712631 810.299878 1

685.712631 810.299878 1
683.409317 821.961718 1

683.409317 821.961718 1
699.363088 843.713925 1

699.363088 843.713925 1
704.918476 865.812200 1

704.918476 865.812200 1
690.022693 872.819551 1

690.022693 872.819551 1
681.218309 876.610723 1

681.218309 876.610723 1
677.276093 882.656515 1

677.276093 882.656515 1
709.959970 890.397198 1

709.959970 890.397198 1
722.370204 888.767982 1

722.370204 888.767982 1
720.149855 852.544129 1

720.149855 852.544129 1
724.678816 850.657277 1

724.678816 850.657277 1
725.289584 826.782524 1

725.289584 826.782524 1
719.040875 821.230983 1

719.040875 821.230983 1
717.949522 819.799536 1

717.949522 819.799536 1
733.339853 800.951226 1

733.339853 800.951226 1
741.668097 801.317641 1

741.668097 801.317641 1
768.069813 824.795851 1

768.069813 824.795851 1
784.980385 836.207848 1

784.980385 836.207848 1
789.498784 825.810817 1

789.498784 825.810817 1
781.389956 813.902897 1

781.389956 813.902897 1
779.099586 811.392430 1

779.099586 811.392430 1
798.069434 793.681650 1

798.069434 793.681650 1
794.543057 780.041677 1

794.543057 780.041677 1
826.725263 779.817821 1

826.725263 779.817821 1
823.093504 789.032443 1

823.093504 789.032443 1
827.870986 810.618473 1

827.870986 810.618473 1
844.291734 809.918751 1

844.291734 809.918751 1
860.984713 792.705566 1

860.984713 792.705566 1
893.998452 782.475402 1

893.998452 782.475402 1
910.011821 772.850532 1

910.011821 772.850532 1
981.405940 767.079311 1

981.405940 767.079311 1
987.482444 774.645697 1

987.482444 774.645697 1
961.952006 794.175619 1

961.952006 794.175619 1
934.441286 817.300272 1

934.441286 817.300272 1
933.837263 845.722226 1

933.837263 845.722226 1
931.703590 848.842828 1

931.703590 848.842828 1
883.047765 823.216363 1

883.047765 823.216363 1
831.099905 835.760635 1

831.099905 835.760635 1
814.237751 853.363502 1

814.237751 853.363502 1
832.044505 856.251257 1

832.044505 856.251257 1
848.015230 858.173176 1

848.015230 858.173176 1
838.851394 873.245493 1

838.851394 873.245493 1
863.986669 892.160681 1

863.986669 892.160681 1
894.284715 898.250363 1

894.284715 898.250363 1
914.383460 884.332380 1

914.383460 884.332380 1
926.780653 889.394713 1

926.780653 889.394713 1
967.578735 847.715562 1

967.578735 847.715562 1
998.228981 831.633079 1

998.228981 831.633079 1
989.161963 874.851284 1

989.161963 874.851284 1
985.176468 911.427512 1

985.176468 911.427512 1
995.418341 979.472721 1

995.418341 979.472721 1
937.750397 969.332575 1

937.750397 969.332575 1
897.560868 997.008859 1

897.560868 997.008859 1
854.337279 997.270062 1

854.337279 997.270062 1
963.690374 935.436537 1

963.690374 935.436537 1
960.947825 932.463411 1

960.947825 932.463411 1
945.902986 902.189512 1

945.902986 902.189512 1
939.133660 922.215258 1

939.133660 922.215258 1
902.678188 942.066139 1

902.678188 942.066139 1
896.466710 941.038705 1

896.466710 941.038705 1
855.524052 945.051225 1

855.524052 945.051225 1
845.601547 950.724423 1

845.601547 950.724423 1
834.876997 954.457184 1

834.876997 954.457184 1
805.609967 992.019346 1

805.609967 992.019346 1
794.447559 992.562270 1

794.447559 992.562270 1
786.686778 970.807046 1

786.686778 970.807046 1
791.087795 966.183590 1

791.087795 966.183590 1
790.635514 945.231393 1

790.635514 945.231393 1
806.942026 923.746776 1

806.942026 923.746776 1
798.961795 918.861015 1

798.961795 918.861015 1
805.834637 905.042476 1

805.834637 905.042476 1
791.442762 889.632108 1

791.442762 889.632108 1
768.266488 917.800352 1

768.266488 917.800352 1
741.147469 935.771990 1

741.147469 935.771990 1
738.025741 973.679977 1

738.025741 973.679977 1
748.498877 989.501676 1

748.498877 989.501676 1
700.211447 983.482041 1

700.211447 983.482041 1
705.902013 950.406685 1

705.902013 950.406685 1
693.719936 947.724014 1

693.719936 947.724014 1
658.972608 955.084867 1

658.972608 955.084867 1
669.196553 901.436183 1

669.196553 901.436183 1
657.973196 894.722856 1

657.973196 894.722856 1
664.119316 877.164313 1

664.119316 877.164313 1
616.337258 875.874701 1

616.337258 875.874701 1
567.475502 867.345750 1

567.475502 867.345750 1
602.244864 901.345593 1

602.244864 901.345593 1
629.917230 925.430720 1

629.917230 925.430720 1
626.824897 950.669614 1

626.824897 950.669614 1
627.597076 952.055826 1

627.597076 952.055826 1
635.778135 954.693597 1

635.778135 954.693597 1
630.099414 972.941729 1

630.099414 972.941729 1
607.410998 991.182307 1

607.410998 991.182307 1
581.491621 990.455265 1

581.491621 990.455265 1
573.253192 971.134977 1

573.253192 971.134977 1
587.563476 950.245077 1

587.563476 950.245077 1
556.257034 934.193664 1

556.257034 934.193664 1
544.396180 972.434072 1

544.396180 972.434072 1
534.750767 967.641102 1

534.750767 967.641102 1
507.877322 955.239774 1

507.877322 955.239774 1
503.016872 973.767077 1

503.016872 973.767077 1
494.587410 995.911506 1

494.587410 995.911506 1
475.069232 994.723344 1

475.069232 994.723344 1
474.630816 975.859151 1

474.630816 975.859151 1
461.540910 972.670402 1

461.540910 972.670402 1
451.994095 965.862973 1

451.994095 965.862973 1
448.024967 957.594311 1

448.024967 957.594311 1
405.382073 981.060166 1

405.382073 981.060166 1
355.847548 969.185031 1

355.847548 969.185031 1
326.217130 973.403824 1

326.217130 973.403824 1
339.997535 991.493806 1

339.997535 991.493806 1
320.265051 996.251826 1

320.265051 996.251826 1
282.810486 993.794124 1

282.810486 993.794124 1
266.734947 993.375393 1

266.734947 993.375393 1
253.513739 999.395159 1

253.513739 999.395159 1
213.493336 965.561240 1

213.493336 965.561240 1
198.429560 964.754075 1

198.429560 964.754075 1
184.827577 971.285835 1

184.827577 971.285835 1
150.047318 957.037492 1

150.047318 957.037492 1
154.049178 995.347171 1

154.049178 995.347171 1
100.112219 986.812404 1

100.112219 986.812404 1
123.615926 930.193455 1

123.615926 930.193455 1
129.202996 893.075628 1

129.202996 893.075628 1
92.750719 951.822123 1

92.750719 951.822123 1
75.531008 951.781210 1

75.531008 951.781210 1
1.771301 979.747722 1

1.771301 979.747722 1
25.913077 928.911111 1

25.913077 928.911111 1
33.450163 905.788565 1

33.450163 905.788565 1
4.615115 902.104509 1

4.615115 902.104509 1
21.891322 875.781701 1

21.891322 875.781701 1
37.482075 885.288959 1

37.482075 885.288959 1
70.727773 871.051606 1

70.727773 871.051606 1
91.435836 858.085453 1

91.435836 858.085453 1
90.095682 847.973961 1

90.095682 847.973961 1
131.515593 848.745445 1

131.515593 848.745445 1
136.925537 845.498849 1

136.925537 845.498849 1
158.709766 863.582903 1

158.709766 863.582903 1
186.627187 886.078822 1

186.627187 886.078822 1
192.145169 919.682643 1

192.145169 919.682643 1
279.153555 930.186402 1

279.153555 930.186402 1
296.273082 923.028626 1

296.273082 923.028626 1
303.317439 914.088155 1

303.317439 914.088155 1
311.940552 926.293459 1

311.940552 926.293459 1
364.562706 908.133212 1

364.562706 908.133212 1
344.574622 883.070357 1

344.574622 883.070357 1
324.778814 870.192545 1

324.778814 870.192545 1
343.265669 835.752735 1

343.265669 835.752735 1
321.833686 816.899726 1

321.833686 816.899726 1
308.022002 792.104856 1

308.022002 792.104856 1
322.087558 772.919318 1

322.087558 772.919318 1
344.745910 759.640522 1

344.745910 759.640522 1
335.515907 758.618625 1

335.515907 758.618625 1
323.687372 741.913304 1

323.687372 741.913304 1
302.914465 742.268791 1

302.914465 742.268791 1
286.101434 775.883384 1

286.101434 775.883384 1
296.132030 807.536994 1

296.132030 807.536994 1
304.046276 832.158469 1

304.046276 832.158469 1
291.117144 840.169046 1

291.117144 840.169046 1
267.289728 865.329185 1

267.289728 865.329185 1
246.394856 883.591657 1

246.394856 883.591657 1
246.408654 882.819761 1

246.408654 882.819761 1
240.359548 855.752165 1

240.359548 855.752165 1
236.392191 859.072475 1

236.392191 859.072475 1
210.556713 852.387248 1

210.556713 852.387248 1
219.898754 833.444997 1

219.898754 833.444997 1
202.011524 779.995226 1

202.011524 779.995226 1
203.972188 772.988397 1

203.972188 772.988397 1
173.828696 770.848115 1

173.828696 770.848115 1
147.847870 751.841744 1

147.847870 751.841744 1
146.197659 708.253588 1

146.197659 708.253588 1
156.170111 711.697488 1

156.170111 711.697488 1
175.480830 730.722532 1

175.480830 730.722532 1
204.980213 720.170373 1

204.980213 720.170373 1
210.771157 673.661504 1

210.771157 673.661504 1
197.870813 676.049807 1

197.870813 676.049807 1
189.773097 641.624235 1

189.773097 641.624235 1
216.878089 639.064678 1

216.878089 639.064678 1
228.453343 647.552531 1

228.453343 647.552531 1
245.681947 661.050169 1

245.681947 661.050169 1
268.701328 655.947255 1

268.701328 655.947255 1
278.177811 649.564774 1

278.177811 649.564774 1
274.334517 670.576725 1

274.334517 670.576725 1
243.763344 714.769589 1

243.763344 714.769589 1
269.312417 715.760073 1

269.312417 715.760073 1
274.004405 729.487924 1

274.004405 729.487924 1
289.400451 729.332982 1

289.400451 729.332982 1
301.544111 715.041952 1

301.544111 715.041952 1
296.254716 697.159241 1

296.254716 697.159241 1
296.116236 693.546106 1

296.116236 693.546106 1
313.260907 677.308576 1

313.260907 677.308576 1
342.914197 689.616587 1

342.914197 689.616587 1
356.663037 682.214240 1

356.663037 682.214240 1
385.451469 689.810530 1

385.451469 689.810530 1
381.591533 670.195978 1

381.591533 670.195978 1
392.086060 671.720559 1

392.086060 671.720559 1
414.252092 651.620227 1

414.252092 651.620227 1
447.974344 689.380464 1

447.974344 689.380464 1
463.982548 664.195152 1

463.982548 664.195152 1
467.609776 670.818105 1

467.609776 670.818105 1
484.200917 684.403352 1

484.200917 684.403352 1
488.198027 690.632127 1

488.198027 690.632127 1
496.924588 667.909836 1

496.924588 667.909836 1
529.265575 674.295130 1

529.265575 674.295130 1
546.986982 655.526347 1

546.986982 655.526347 1
536.881569 633.016811 1

536.881569 633.016811 1
507.025952 633.136082 1

507.025952 633.136082 1
483.464154 627.886809 1

483.464154 627.886809 1
471.791508 611.299457 1

471.791508 611.299457 1
515.371654 594.473524 1

515.371654 594.473524 1
558.318788 587.945474 1

558.318788 587.945474 1
488.022770 585.666210 1

488.022770 585.666210 1
452.823876 550.947294 1

452.823876 550.947294 1
430.048676 546.350468 1

430.048676 546.350468 1
443.727801 517.675456 1

443.727801 517.675456 1
424.670958 498.911820 1

424.670958 498.911820 1
406.190870 462.447338 1

406.190870 462.447338 1
397.973645 421.408829 1

397.973645 421.408829 1
398.871863 420.097737 1

398.871863 420.097737 1
384.700895 404.806330 1

384.700895 404.806330 1
423.281836 372.186629 1

423.281836 372.186629 1
411.576089 347.982033 1

411.576089 347.982033 1
421.053267 341.016427 1

421.053267 341.016427 1
440.631318 344.234852 1

440.631318 344.234852 1
441.981893 320.488882 1

441.981893 320.488882 1
473.979080 328.216897 1

473.979080 328.216897 1
475.527151 309.718786 1

475.527151 309.718786 1
489.467552 294.314350 1

489.467552 294.314350 1
475.775212 287.489469 1

475.775212 287.489469 1
499.282611 263.515490 1

499.282611 263.515490 1
510.360861 277.344318 1

510.360861 277.344318 1
509.930254 281.603531 1

509.930254 281.603531 1
510.166126 300.648878 1

510.166126 300.648878 1
536.727542 273.149259 1

536.727542 273.149259 1
534.797138 262.959138 1

534.797138 262.959138 1
521.545905 229.802908 1

521.545905 229.802908 1
509.018995 223.507799 1

509.018995 223.507799 1
476.690147 200.557658 1

476.690147 200.557658 1
473.033661 197.890679 1

473.033661 197.890679 1
473.000726 228.023456 1

473.000726 228.023456 1
452.006815 223.637254 1

452.006815 223.637254 1
458.484331 233.112235 1

458.484331 233.112235 1
451.280195 244.136814 1

451.280195 244.136814 1
440.794168 263.202443 1

440.794168 263.202443 1
427.266252 284.094762 1

427.266252 284.094762 1
398.017619 286.327647 1

398.017619 286.327647 1
374.855973 295.895047 1

374.855973 295.895047 1
370.301264 293.376032 1

370.301264 293.376032 1
343.739678 291.131542 1

343.739678 291.131542 1
341.077562 241.248716 1

341.077562 241.248716 1
337.839874 236.547032 1

337.839874 236.547032 1
328.627362 239.114663 1

328.627362 239.114663 1
323.684839 217.713598 1

323.684839 217.713598 1
344.372247 211.472117 1

344.372247 211.472117 1
373.242583 221.873113 1

373.242583 221.873113 1
369.325632 241.063513 1

369.325632 241.063513 1
392.132302 235.446378 1

392.132302 235.446378 1
414.176469 222.263802 1

414.176469 222.263802 1
409.147782 210.638175 1

409.147782 210.638175 1
399.342845 212.701939 1

399.342845 212.701939 1
398.486371 185.780987 1

398.486371 185.780987 1
408.113178 178.364273 1

408.113178 178.364273 1
407.360147 149.705534 1

407.360147 149.705534 1
377.539327 173.420242 1

377.539327 173.420242 1
348.329668 180.417713 1

348.329668 180.417713 1
323.995000 185.911303 1

323.995000 185.911303 1
333.121646 165.961697 1

333.121646 165.961697 1
375.803085 115.130133 1

375.803085 115.130133 1
398.012799 112.579980 1

398.012799 112.579980 1
382.382327 63.397124 1

382.382327 63.397124 1
350.723138 77.641627 1

350.723138 77.641627 1
339.240202 98.284368 1

339.240202 98.284368 1
319.871750 103.520938 1

319.871750 103.520938 1
307.091770 97.564483 1

307.091770 97.564483 1
299.527616 117.382971 1

299.527616 117.382971 1
286.836163 115.162167 1

286.836163 115.162167 1
269.981452 128.106248 1

269.981452 128.106248 1
257.752467 144.953646 1

257.752467 144.953646 1
250.358804 145.385888 1

250.358804 145.385888 1
241.146176 156.301866 1

241.146176 156.301866 1
237.764128 165.274629 1

237.764128 165.274629 1
245.667229 187.399745 1

245.667229 187.399745 1
234.313210 191.375348 1

234.313210 191.375348 1
244.588648 227.213831 1

244.588648 227.213831 1
239.839964 239.308623 1

239.839964 239.308623 1
258.648047 223.497730 1

258.648047 223.497730 1
267.273853 245.740941 1

267.273853 245.740941 1
268.445446 268.783919 1

268.445446 268.783919 1
298.608130 281.288637 1

298.608130 281.288637 1
306.952392 315.860110 1

306.952392 315.860110 1
324.466122 307.287987 1

324.466122 307.287987 1
338.489706 316.612772 1

338.489706 316.612772 1
331.997062 323.380029 1

331.997062 323.380029 1
345.043550 327.647773 1

345.043550 327.647773 1
350.295306 318.122276 1

350.295306 318.122276 1
370.760377 310.655531 1

370.760377 310.655531 1
376.929188 303.597928 1

376.929188 303.597928 1
380.173647 310.037905 1

380.173647 310.037905 1
390.630563 352.847741 1

390.630563 352.847741 1
294.527832 373.309437 1

294.527832 373.309437 1
298.858130 347.007784 1

298.858130 347.007784 1
281.716090 349.862495 1

281.716090 349.862495 1
271.324115 329.454896 1

271.324115 329.454896 1
239.027619 297.418240 1

239.027619 297.418240 1
211.152624 341.179232 1

211.152624 341.179232 1
177.845644 350.748979 1

177.845644 350.748979 1
186.379778 350.711961 1

186.379778 350.711961 1
188.162123 351.811033 1

188.162123 351.811033 1
215.412850 354.346242 1

215.412850 354.346242 1
229.404013 358.045054 1

229.404013 358.045054 1
234.770686 353.101168 1

234.770686 353.101168 1
247.570630 360.115064 1

247.570630 360.115064 1
239.817668 383.816386 1

239.817668 383.816386 1
194.872306 399.469076 1

194.872306 399.469076 1
223.085239 410.528152 1

223.085239 410.528152 1
222.365039 420.867847 1

222.365039 420.867847 1
233.507870 421.996764 1

233.507870 421.996764 1
263.954782 403.983232 1

263.954782 403.983232 1
268.854068 387.549364 1

268.854068 387.549364 1
281.690004 396.493871 1

281.690004 396.493871 1
315.278081 414.375191 1

315.278081 414.375191 1
335.507701 449.968399 1

335.507701 449.968399 1
335.881096 456.436469 1

335.881096 456.436469 1
338.484947 462.541379 1

338.484947 462.541379 1
324.261299 472.367814 1

324.261299 472.367814 1
348.922727 472.824619 1

348.922727 472.824619 1
352.461444 502.972025 1

352.461444 502.972025 1
323.342356 497.314847 1

323.342356 497.314847 1
315.402480 504.001356 1

315.402480 504.001356 1
311.999903 516.405131 1

311.999903 516.405131 1
299.231360 495.894320 1

299.231360 495.894320 1
287.131889 454.291621 1

287.131889 454.291621 1
276.628306 472.586386 1

276.628306 472.586386 1
232.188208 466.177087 1

232.188208 466.177087 1
241.735928 482.618346 1

241.735928 482.618346 1
261.196864 492.837731 1

261.196864 492.837731 1
243.773313 513.068899 1

243.773313 513.068899 1
234.775206 522.666780 1

234.775206 522.666780 1
274.988730 543.274426 1

274.988730 543.274426 1
285.515146 590.039476 1

285.515146 590.039476 1
293.041621 589.102727 1

293.041621 589.102727 1
332.540489 541.798183 1

332.540489 541.798183 1
346.485004 536.760142 1

346.485004 536.760142 1
383.134874 551.364681 1

383.134874 551.364681 1
376.565805 567.506581 1

376.565805 567.506581 1
404.198051 584.959935 1

404.198051 584.959935 1
405.786249 590.570765 1

405.786249 590.570765 1
445.337974 621.075327 1

445.337974 621.075327 1
407.582910 622.577948 1

407.582910 622.577948 1
393.102306 611.072686 1

393.102306 611.072686 1
392.398914 617.170173 1

392.398914 617.170173 1
364.401507 666.720243 1

364.401507 666.720243 1
354.596275 656.225328 1

354.596275 656.225328 1
353.332111 652.669099 1

353.332111 652.669099 1
347.161305 635.267968 1

347.161305 635.267968 1
345.994446 624.087304 1

345.994446 624.087304 1
319.935643 628.270144 1

319.935643 628.270144 1
306.982778 646.550349 1

306.982778 646.550349 1
307.907191 630.776609 1

307.907191 630.776609 1
302.651990 612.433154 1

302.651990 612.433154 1
282.739483 614.719699 1

282.739483 614.719699 1
283.618372 620.381663 1

283.618372 620.381663 1
272.649731 618.781880 1

272.649731 618.781880 1
249.285470 601.410835 1

249.285470 601.410835 1
219.826020 584.812592 1

219.826020 584.812592 1
180.996455 604.358306 1

180.996455 604.358306 1
165.363857 589.931166 1

165.363857 589.931166 1
130.459680 607.589301 1

130.459680 607.589301 1
124.858443 608.959643 1

124.858443 608.959643 1
123.385511 595.402355 1

123.385511 595.402355 1
121.982388 585.101973 1

121.982388 585.101973 1
108.715649 571.672144 1

108.715649 571.672144 1
100.324392 606.630439 1

100.324392 606.630439 1
108.315411 621.721460 1

108.315411 621.721460 1
82.080230 624.125371 1

82.080230 624.125371 1
74.505168 648.360989 1

74.505168 648.360989 1
79.082567 653.649082 1

79.082567 653.649082 1
80.222919 671.246695 1

80.222919 671.246695 1
88.448924 676.507443 1

88.448924 676.507443 1
97.884632 651.728688 1

97.884632 651.728688 1
103.573435 650.354664 1

103.573435 650.354664 1
116.723003 661.035749 1

116.723003 661.035749 1
123.512099 649.839776 1

123.512099 649.839776 1
149.673567 638.831812 1

149.673567 638.831812 1
151.090140 648.989559 1

151.090140 648.989559 1
137.868057 694.768960 1

137.868057 694.768960 1
128.605476 707.750143 1

128.605476 707.750143 1
108.790874 709.520617 1

108.790874 709.520617 1
122.347610 717.281823 1

122.347610 717.281823 1
134.582590 791.552058 1

134.582590 791.552058 1
146.063089 788.743767 1

146.063089 788.743767 1
155.562746 806.638719 1

155.562746 806.638719 1
134.503210 818.101505 1

134.503210 818.101505 1
120.286955 813.125076 1

120.286955 813.125076 1
86.318870 835.367613 1

86.318870 835.367613 1
71.482918 836.157343 1

71.482918 836.157343 1
52.641291 857.654967 1

52.641291 857.654967 1
36.015641 844.042136 1

36.015641 844.042136 1
34.226393 825.103355 1

34.226393 825.103355 1
28.744804 817.433093 1

28.744804 817.433093 1
54.245958 808.373548 1

54.245958 808.373548 1
55.702677 800.194580 1

55.702677 800.194580 1
63.992137 779.604612 1

63.992137 779.604612 1
53.134361 766.634538 1

53.134361 766.634538 1
20.499625 770.573640 1

20.499625 770.573640 1
9.798134 740.796680 1

9.798134 740.796680 1
50.157759 761.919309 1

50.157759 761.919309 1
65.850568 743.319444 1

65.850568 743.319444 1
61.329002 739.026340 1

61.329002 739.026340 1
48.202736 738.888163 1

48.202736 738.888163 1
30.307237 732.086954 1

30.307237 732.086954 1
30.218395 687.770317 1

30.218395 687.770317 1
48.724193 690.132664 1

48.724193 690.132664 1
51.687016 681.728261 1

51.687016 681.728261 1
31.827924 662.374311 1

31.827924 662.374311 1
39.670776 632.343249 1

39.670776 632.343249 1
58.535295 592.561653 1

58.535295 592.561653 1
53.146636 567.178618 1

53.146636 567.178618 1
55.288112 545.701133 1

55.288112 545.701133 1
6.793531 569.180800 1

6.793531 569.180800 1
18.725718 533.601206 1

18.725718 533.601206 1
34.536825 487.747874 1

34.536825 487.747874 1
35.325683 468.853248 1

35.325683 468.853248 1
11.972211 463.644112 1

11.972211 463.644112 1
2.669152 456.840098 1

2.669152 456.840098 1
12.923766 450.507231 1

12.923766 450.507231 1
10.942990 441.358915 1

10.942990 441.358915 1
26.247566 437.920354 1

26.247566 437.920354 1
27.168477 413.341356 1

27.168477 413.341356 1
32.318989 376.461027 1

32.318989 376.461027 1
10.423565 377.150892 1

10.423565 377.150892 1
18.335735 360.462663 1

18.335735 360.462663 1
25.388703 306.094171 1

25.388703 306.094171 1
42.690741 259.346579 1

42.690741 259.346579 1
60.385472 278.373862 1

60.385472 278.373862 1
50.474207 289.083741 1

50.474207 289.083741 1
61.112571 320.220566 1

61.112571 320.220566 1
50.584856 339.976829 1

50.584856 339.976829 1
71.348543 354.142009 1

71.348543 354.142009 1
64.153669 365.653591 1

64.153669 365.653591 1
52.584946 362.751977 1

52.584946 362.751977 1
49.596587 357.172957 1

49.596587 357.172957 1
33.085851 357.689969 1

33.085851 357.689969 1
26.755427 361.526165 1

26.755427 361.526165 1
55.880214 384.018989 1

55.880214 384.018989 1
97.876194 411.700887 1

97.876194 411.700887 1
96.949990 438.302092 1

96.949990 438.302092 1
74.546580 440.016298 1

74.546580 440.016298 1
81.491241 443.232099 1

81.491241 443.232099 1
97.808940 470.956672 1

97.808940 470.956672 1
74.732425 511.592616 1

74.732425 511.592616 1
115.318623 521.268280 1

115.318623 521.268280 1
139.105503 550.469469 1

139.105503 550.469469 1
132.980031 505.323097 1

132.980031 505.323097 1
146.715073 471.151360 1

146.715073 471.151360 1
149.161840 450.180242 1

149.161840 450.180242 1
167.994627 459.038549 1

167.994627 459.038549 1
175.967120 492.106916 1

175.967120 492.106916 1
179.096684 496.077735 1

179.096684 496.077735 1
175.664810 531.029922 1

175.664810 531.029922 1
166.145667 532.621634 1

166.145667 532.621634 1
175.723365 542.075152 1

175.723365 542.075152 1
214.424487 528.929949 1

214.424487 528.929949 1
230.519759 517.757135 1

230.519759 517.757135 1
208.590382 501.123287 1

208.590382 501.123287 1
193.903977 471.484571 1

193.903977 471.484571 1
191.021134 447.292738 1

191.021134 447.292738 1
184.445682 437.963759 1

184.445682 437.963759 1
159.562640 413.181380 1

159.562640 413.181380 1
131.999623 376.602294 1

131.999623 376.602294 1
116.296402 380.387104 1

116.296402 380.387104 1
108.988319 382.957682 1

108.988319 382.957682 1
109.393763 357.190323 1

109.393763 357.190323 1
115.267013 341.323006 1

115.267013 341.323006 1
148.919011 321.338425 1

148.919011 321.338425 1
158.712761 291.720551 1

158.712761 291.720551 1
179.523369 309.775939 1

179.523369 309.775939 1
180.984876 304.554161 1

180.984876 304.554161 1
188.188504 276.280792 1

188.188504 276.280792 1
215.553992 264.700605 1

215.553992 264.700605 1
189.025882 205.921803 1

189.025882 205.921803 1
175.968622 205.295871 1

175.968622 205.295871 1
160.281729 189.629740 1

160.281729 189.629740 1
134.515420 193.971344 1

134.515420 193.971344 1
129.417142 253.480746 1

129.417142 253.480746 1
117.488715 284.303399 1

117.488715 284.303399 1
113.447105 285.886450 1

113.447105 285.886450 1
99.909569 301.022275 1

99.909569 301.022275 1
105.809627 280.338174 1

105.809627 280.338174 1
95.646280 252.590160 1

95.646280 252.590160 1
95.637065 237.025141 1

95.637065 237.025141 1
59.952338 249.921762 1

59.952338 249.921762 1
64.468840 232.092397 1

64.468840 232.092397 1
80.961509 202.793629 1

80.961509 202.793629 1
110.098343 216.727846 1

110.098343 216.727846 1
115.408177 214.702285 1

115.408177 214.702285 1
106.468000 182.072819 1

106.468000 182.072819 1
47.597548 180.941466 1

47.597548 180.941466 1
20.367169 186.005424 1

20.367169 186.005424 1
19.403058 172.481664 1

19.403058 172.481664 1
23.001744 158.543441 1

23.001744 158.543441 1
16.710273 156.081786 1

16.710273 156.081786 1
23.320412 117.369469 1

23.320412 117.369469 1
28.012508 116.467036 1

28.012508 116.467036 1
47.698120 99.000965 1

47.698120 99.000965 1
31.464377 85.494169 1

31.464377 85.494169 1
24.622058 46.645716 1

24.622058 46.645716 1
26.960806 26.633672 1

26.960806 26.633672 1
69.612377 2.386978 1

69.612377 2.386978 1
89.441096 15.463894 1

89.441096 15.463894 1
97.978673 20.930399 1

97.978673 20.930399 1
170.689906 0.653915 1

170.689906 0.653915 1
172.776618 28.901869 1

172.776618 28.901869 1
127.283352 31.217053 1

127.283352 31.217053 1
70.157865 39.500264 1

70.157865 39.500264 1
79.775095 71.100468 1

79.775095 71.100468 1
78.634253 87.925178 1

78.634253 87.925178 1
76.878657 99.851365 1

76.878657 99.851365 1
58.594089 104.635001 1

58.594089 104.635001 1
49.917528 145.431732 1

49.917528 145.431732 1
107.606939 147.260787 1

107.606939 147.260787 1
98.100450 124.977418 1

98.100450 124.977418 1
110.295127 110.204933 1

110.295127 110.204933 1
126.448688 108.050968 1

126.448688 108.050968 1
125.196725 88.860665 1

125.196725 88.860665 1
111.074792 71.728969 1

111.074792 71.728969 1
152.092832 88.984978 1

152.092832 88.984978 1
148.149737 149.808854 1

148.149737 149.808854 1
167.591041 131.533917 1

167.591041 131.533917 1
221.230941 124.121334 1

221.230941 124.121334 1
205.907955 83.474979 1

205.907955 83.474979 1
170.534261 54.557493 1

170.534261 54.557493 1
185.113784 39.651986 1

185.113784 39.651986 1
183.447255 48.270876 1

183.447255 48.270876 1
195.654262 68.035525 1

195.654262 68.035525 1
234.386778 75.187423 1

234.386778 75.187423 1
261.523199 101.465732 1

261.523199 101.465732 1
270.695533 96.207284 1

270.695533 96.207284 1
281.876182 82.261418 1

281.876182 82.261418 1
287.001937 74.789862 1

287.001937 74.789862 1
271.609927 56.050512 1

271.609927 56.050512 1
222.753341 17.859009 1

222.753341 17.859009 1
241.995116 16.197964 1

241.995116 16.197964 1
266.485200 8.899699 1

266.485200 8.899699 1
281.364823 12.965951 1

281.364823 12.965951 1
300.167233 8.161366 1

300.167233 8.161366 1
310.101472 36.741428 1

310.101472 36.741428 1
348.370350 10.756249 1

348.370350 10.756249 1
377.390421 47.459603 1

377.390421 47.459603 1
407.922267 46.770370 1

407.922267 46.770370 1
419.846559 13.528607 1

419.846559 13.528607 1
425.085785 33.439016 1

425.085785 33.439016 1
448.639515 37.562497 1

448.639515 37.562497 1
486.719283 1.256663 1

486.719283 1.256663 1
525.372151 9.196699 1

525.372151 9.196699 1
540.253769 24.368448 1

540.253769 24.368448 1
545.582744 12.601171 1

545.582744 12.601171 1
561.329133 8.645944 1

561.329133 8.645944 1
575.597658 40.658372 1

575.597658 40.658372 1
574.255363 59.770645 1

574.255363 59.770645 1
582.769300 73.212821 1

582.769300 73.212821 1
590.382421 84.809176 1

590.382421 84.809176 1
589.622033 100.825191 1

589.622033 100.825191 1
569.127458 97.632345 1

569.127458 97.632345 1
545.884830 83.924370 1

545.884830 83.924370 1
524.165037 107.650458 1

524.165037 107.650458 1
503.035697 109.027032 1

503.035697 109.027032 1
504.207854 104.360028 1

504.207854 104.360028 1
492.619961 88.548817 1

492.619961 88.548817 1
458.500151 77.644113 1

458.500151 77.644113 1
447.456801 90.515200 1

447.456801 90.515200 1
429.122270 79.154259 1

429.122270 79.154259 1
432.618262 88.984438 1

432.618262 88.984438 1
439.515550 102.843573 1

439.515550 102.843573 1
446.451296 101.897435 1

446.451296 101.897435 1
453.377490 113.457975 1

453.377490 113.457975 1
449.133232 148.892609 1

449.133232 148.892609 1
458.399398 158.662124 1

458.399398 158.662124 1
486.199147 147.026187 1

486.199147 147.026187 1
469.358209 121.886424 1

469.358209 121.886424 1
462.262230 112.477500 1

462.262230 112.477500 1
495.724210 110.642387 1

495.724210 110.642387 1
505.068710 115.378272 1

505.068710 115.378272 1
544.805974 126.966370 1

544.805974 126.966370 1
558.438211 132.016137 1

558.438211 132.016137 1
561.458897 135.306840 1

561.458897 135.306840 1
571.619287 143.724749 1

571.619287 143.724749 1
556.110307 151.571462 1

556.110307 151.571462 1
520.052044 174.134021 1

520.052044 174.134021 1
523.566646 191.574120 1

523.566646 191.574120 1
533.787533 193.134150 1

533.787533 193.134150 1
574.489963 157.061745 1

574.489963 157.061745 1
575.912163 142.655941 1

575.912163 142.655941 1
615.703210 164.576589 1

615.703210 164.576589 1
630.739315 145.315750 1

630.739315 145.315750 1
669.286789 125.615721 1

669.286789 125.615721 1
636.789776 101.932706 1

636.789776 101.932706 1
629.298690 99.254550 1

629.298690 99.254550 1
622.728985 95.590212 1

622.728985 95.590212 1
614.459649 83.052775 1

614.459649 83.052775 1
629.543232 76.149049 1

629.543232 76.149049 1
609.958098 28.635356 1

609.958098 28.635356 1
629.238168 18.744548 1

629.238168 18.744548 1
625.115582 8.519632 1

625.115582 8.519632 1
626.530293 6.961811 1

626.530293 6.961811 1
716.996841 2.043291 1

716.996841 2.043291 1
750.455291 29.093281 1

750.455291 29.093281 1
756.777437 26.678110 1

756.777437 26.678110 1
774.315673 23.281411 1

774.315673 23.281411 1
776.535358 28.391406 1

776.535358 28.391406 1
817.591728 32.220801 1

817.591728 32.220801 1
835.035964 16.921528 1

835.035964 16.921528 1
863.012941 4.146979 1

863.012941 4.146979 1
879.334796 8.499039 1

879.334796 8.499039 1
890.903290 14.149026 1

890.903290 14.149026 1
905.623265 21.895932 1

905.623265 21.895932 1
835.253401 48.261933 1

835.253401 48.261933 1
872.780822 71.644299 1

872.780822 71.644299 1
862.446291 89.267362 1

862.446291 89.267362 1
853.584247 92.044252 1

853.584247 92.044252 1
873.938688 121.238112 1

873.938688 121.238112 1
884.298027 128.407687 1

884.298027 128.407687 1
904.934977 124.385863 1

904.934977 124.385863 1
899.393867 98.229367 1

899.393867 98.229367 1
922.221944 61.582989 1

922.221944 61.582989 1
930.073783 57.951206 1

930.073783 57.951206 1
936.027572 40.196110 1

936.027572 40.196110 1
960.672629 0.472763 1

960.672629 0.472763 1
990.853335 6.555077 1

990.853335 6.555077 1
978.758276 36.820026 1

978.758276 36.820026 1
979.042041 43.405992 1

979.042041 43.405992 1
987.576561 50.809296 1

987.576561 50.809296 1
983.540021 74.736656 1

983.540021 74.736656 1
973.091211 80.364095 1

973.091211 80.364095 1
961.057045 103.805672 1

961.057045 103.805672 1
967.109962 121.220929 1

967.109962 121.220929 1
939.235943 102.111914 1

939.235943 102.111914 1
919.254031 145.458411 1

919.254031 145.458411 1
901.362486 145.452010 1

901.362486 145.452010 1
904.033507 170.011473 1

904.033507 170.011473 1
926.548382 223.782598 1

926.548382 223.782598 1
966.653020 195.527335 1

966.653020 195.527335 1
982.398241 200.578916 1

982.398241 200.578916 1
985.014983 229.167816 1

985.014983 229.167816 1
990.537119 281.057686 1

990.537119 281.057686 1
942.826449 300.384328 1

942.826449 300.384328 1
934.336170 274.819693 1

934.336170 274.819693 1
921.419288 296.650549 1

921.419288 296.650549 1
900.649181 306.984740 1

900.649181 306.984740 1
898.767030 313.663094 1

898.767030 313.663094 1
903.960532 319.457061 1

903.960532 319.457061 1
896.583454 333.964389 1

896.583454 333.964389 1
906.879733 360.428302 1

906.879733 360.428302 1
886.357206 350.097025 1

886.357206 350.097025 1
875.206634 334.311790 1

875.206634 334.311790 1
869.132483 304.158786 1

869.132483 304.158786 1
896.122167 296.580095 1

896.122167 296.580095 1
892.306375 277.539055 1

892.306375 277.539055 1
903.127207 252.339285 1

903.127207 252.339285 1
892.701794 234.468607 1

892.701794 234.468607 1
874.981049 203.979628 1

874.981049 203.979628 1
857.064371 163.451582 1

857.064371 163.451582 1
824.569363 143.138679 1

824.569363 143.138679 1
815.862516 136.903697 1

815.862516 136.903697 1
807.697020 132.461377 1

807.697020 132.461377 1
796.840035 129.102523 1

796.840035 129.102523 1
801.889579 86.913968 1

801.889579 86.913968 1
796.945794 71.988004 1

796.945794 71.988004 1
792.856627 45.810113 1

792.856627 45.810113 1
761.701001 64.200442 1

761.701001 64.200442 1
756.869097 80.234578 1

756.869097 80.234578 1
742.297008 92.527809 1

742.297008 92.527809 1
737.936959 77.384990 1

737.936959 77.384990 1
726.244729 80.898983 1

726.244729 80.898983 1
725.153682 58.377523 1

725.153682 58.377523 1
699.145975 29.773005 1

699.145975 29.773005 1
691.141888 25.531848 1

691.141888 25.531848 1
662.474336 31.256972 1

662.474336 31.256972 1
659.979575 63.647695 1

659.979575 63.647695 1
665.757679 63.582964 1

665.757679 63.582964 1
680.509025 70.488607 1

680.509025 70.488607 1
668.392971 98.381931 1

668.392971 98.381931 1
736.453600 113.262159 1

736.453600 113.262159 1
714.648940 142.200029 1

714.648940 142.200029 1
726.895041 181.972972 1

726.895041 181.972972 1
699.408668 198.421621 1

699.408668 198.421621 1
694.295224 170.657613 1

694.295224 170.657613 1
669.799621 161.387595 1

669.799621 161.387595 1
644.062679 175.963637 1

644.062679 175.963637 1
664.236789 188.779621 1

664.236789 188.779621 1
691.612055 206.295799 1

691.612055 206.295799 1
718.644610 231.666045 1

718.644610 231.666045 1
702.432255 226.539271 1

702.432255 226.539271 1
677.444270 230.209070 1

677.444270 230.209070 1
666.551135 208.043147 1

666.551135 208.043147 1
660.654324 200.409355 1

660.654324 200.409355 1
638.677086 206.781231 1

638.677086 206.781231 1
610.420661 203.543106 1

610.420661 203.543106 1
587.144797 224.921238 1

587.144797 224.921238 1
608.573952 258.558498 1

608.573952 258.558498 1
591.815410 319.270188 1

591.815410 319.270188 1
600.558740 327.122363 1

600.558740 327.122363 1
590.026581 339.697637 1

590.026581 339.697637 1
575.267856 365.972342 1

575.267856 365.972342 1
601.055830 375.936278 1

601.055830 375.936278 1
605.139301 389.915063 1

605.139301 389.915063 1
635.330259 405.973314 1

635.330259 405.973314 1
647.974355 385.780415 1

647.974355 385.780415 1
626.722749 373.721647 1

626.722749 373.721647 1
633.976756 365.364044 1

633.976756 365.364044 1
638.597472 364.574691 1

638.597472 364.574691 1
643.500604 358.523853 1

643.500604 358.523853 1
641.607759 336.375517 1

641.607759 336.375517 1
647.839681 324.423674 1

647.839681 324.423674 1
657.573944 328.114642 1

657.573944 328.114642 1
653.004099 288.526529 1

653.004099 288.526529 1
640.516635 291.052802 1

640.516635 291.052802 1
637.919424 278.268464 1

637.919424 278.268464 1
641.172008 249.630963 1

641.172008 249.630963 1
649.561693 228.206315 1

649.561693 228.206315 1
654.295706 235.276860 1

654.295706 235.276860 1
662.230589 237.400190 1

662.230589 237.400190 1
672.250596 251.616880 1

672.250596 251.616880 1
699.235820 264.770729 1

699.235820 264.770729 1
732.842540 290.213906 1

732.842540 290.213906 1
735.384837 242.463288 1

735.384837 242.463288 1
734.065775 214.156465 1

734.065775 214.156465 1
749.151590 203.892604 1

749.151590 203.892604 1
756.134493 185.522618 1

756.134493 185.522618 1
767.463961 174.759518 1

767.463961 174.759518 1
781.539620 166.922198 1

781.539620 166.922198 1
795.930828 167.851959 1

795.930828 167.851959 1
825.677535 182.406216 1

825.677535 182.406216 1
839.619384 203.839501 1

839.619384 203.839501 1
810.565201 215.149310 1

810.565201 215.149310 1
798.291440 208.713384 1

798.291440 208.713384 1
790.636141 229.360891 1

790.636141 229.360891 1
803.186908 244.761476 1

803.186908 244.761476 1
815.830423 262.840695 1

815.830423 262.840695 1
835.821102 243.588380 1

835.821102 243.588380 1
863.831930 242.818937 1

863.831930 242.818937 1
862.403684 266.088600 1

862.403684 266.088600 1
864.549832 277.289557 1

864.549832 277.289557 1
841.905871 275.320831 1

841.905871 275.320831 1
808.805580 291.069504 1

808.805580 291.069504 1
818.653272 322.855551 1

818.653272 322.855551 1
825.937835 334.877966 1

825.937835 334.877966 1
811.411028 339.359081 1

811.411028 339.359081 1
809.349075 337.282512 1

809.349075 337.282512 1
803.249288 354.447818 1

803.249288 354.447818 1
780.121507 353.624883 1

780.121507 353.624883 1
773.710939 361.983676 1

773.710939 361.983676 1
762.499152 323.386517 1

762.499152 323.386517 1
715.854491 334.850038 1

715.854491 334.850038 1
710.844615 339.064669 1

710.844615 339.064669 1
704.707170 333.433233 1

704.707170 333.433233 1
675.719298 350.310526 1

675.719298 350.310526 1
658.739589 372.849279 1

658.739589 372.849279 1
709.217199 389.874477 1

709.217199 389.874477 1
708.828231 412.613339 1

708.828231 412.613339 1
703.086574 418.075539 1

703.086574 418.075539 1
687.580432 417.697058 1

687.580432 417.697058 1
654.200518 441.705063 1

654.200518 441.705063 1
658.548659 460.483169 1

658.548659 460.483169 1
631.545411 450.535510 1

631.545411 450.535510 1
612.079623 446.758950 1

612.079623 446.758950 1
596.274712 438.041810 1

596.274712 438.041810 1
602.549166 425.442371 1

602.549166 425.442371 1
581.307483 413.666071 1

581.307483 413.666071 1
562.203750 403.672393 1

562.203750 403.672393 1
555.274882 406.284131 1

555.274882 406.284131 1
552.537724 403.485727 1

552.537724 403.485727 1
540.473209 376.066096 1

540.473209 376.066096 1
530.302517 371.620937 1

530.302517 371.620937 1
524.439460 360.953552 1

