297.418654 941.669497 0
264.168317 957.137429 0

264.168317 957.137429 1
234.773612 939.751775 1

234.773612 939.751775 1
224.881972 947.291900 1

224.881972 947.291900 1
215.383162 947.985003 1

215.383162 947.985003 1
207.757243 947.504861 1

207.757243 947.504861 1
208.637218 933.875853 1

208.637218 933.875853 1
168.432240 960.513799 1

168.432240 960.513799 1
192.232108 922.178801 1

192.232108 922.178801 1
195.712805 917.605489 1

195.712805 917.605489 1
193.680029 911.221663 1

193.680029 911.221663 1
178.284708 897.389472 1

178.284708 897.389472 1
186.337156 887.314144 1

186.337156 887.314144 1
200.842230 874.803038 1

200.842230 874.803038 1
232.587929 889.486305 1

232.587929 889.486305 1
255.884030 904.942903 1

255.884030 904.942903 1
258.712252 882.491930 1

258.712252 882.491930 1
248.381470 873.340308 1

248.381470 873.340308 1
257.283602 861.964433 1

257.283602 861.964433 1
248.988647 840.255856 1

248.988647 840.255856 1
227.128675 840.006221 1

227.128675 840.006221 1
224.525402 836.180292 1

224.525402 836.180292 1
207.535244 842.141012 1

207.535244 842.141012 1
183.891490 812.695173 1

183.891490 812.695173 1
197.799069 783.446881 1

197.799069 783.446881 1
240.528251 781.424529 1

240.528251 781.424529 1
252.155882 745.856560 1

252.155882 745.856560 1
257.182486 736.046632 1

257.182486 736.046632 1
281.065978 750.737067 1

281.065978 750.737067 1
271.936219 722.323205 1

271.936219 722.323205 1
240.934283 708.356816 1

240.934283 708.356816 1
258.702447 683.456166 1

258.702447 683.456166 1
245.561901 664.553483 1

245.561901 664.553483 1
212.254613 680.732030 1

212.254613 680.732030 1
197.052808 688.640498 1

197.052808 688.640498 1
212.022296 690.372233 1

212.022296 690.372233 1
221.192667 691.560399 1

221.192667 691.560399 1
215.902260 707.232683 1

215.902260 707.232683 1
200.361247 733.767925 1

200.361247 733.767925 1
231.217403 745.971607 1

231.217403 745.971607 1
191.027679 779.850600 1

191.027679 779.850600 1
174.404747 786.878369 1

174.404747 786.878369 1
173.682622 820.203693 1

173.682622 820.203693 1
173.738194 823.642716 1

173.738194 823.642716 1
179.823266 865.564203 1

179.823266 865.564203 1
154.458792 861.478359 1

154.458792 861.478359 1
162.868266 884.621215 1

162.868266 884.621215 1
146.977095 917.996412 1

146.977095 917.996412 1
132.986403 914.804744 1

132.986403 914.804744 1
123.197991 927.515663 1

123.197991 927.515663 1
98.495720 890.584777 1

98.495720 890.584777 1
94.507434 892.206379 1

94.507434 892.206379 1
96.352851 917.423325 1

96.352851 917.423325 1
105.489753 931.159153 1

105.489753 931.159153 1
69.974263 977.436592 1

69.974263 977.436592 1
79.121460 981.292040 1

79.121460 981.292040 1
120.464450 993.375967 1

120.464450 993.375967 1
195.417088 993.547642 1

195.417088 993.547642 1
215.623154 974.515237 1

215.623154 974.515237 1
237.088428 962.879149 1

237.088428 962.879149 1
244.125473 963.912620 1

244.125473 963.912620 1
255.152018 984.491428 1

255.152018 984.491428 1
286.558225 999.737065 1

286.558225 999.737065 1
304.397850 999.923307 1

304.397850 999.923307 1
328.872006 970.192561 1

328.872006 970.192561 1
333.780212 968.051036 1

333.780212 968.051036 1
346.925130 944.935587 1

346.925130 944.935587 1
376.679381 919.014395 1

376.679381 919.014395 1
348.742851 877.961038 1

348.742851 877.961038 1
350.905697 856.891518 1

350.905697 856.891518 1
374.121751 823.972118 1

374.121751 823.972118 1
409.516472 821.660186 1

409.516472 821.660186 1
435.199452 830.963478 1

435.199452 830.963478 1
451.880266 806.569804 1

451.880266 806.569804 1
459.589652 811.569364 1

459.589652 811.569364 1
474.369527 803.571748 1

474.369527 803.571748 1
479.049030 792.182438 1

479.049030 792.182438 1
481.969675 807.025968 1

481.969675 807.025968 1
498.161698 806.290558 1

498.161698 806.290558 1
523.426912 835.827060 1

523.426912 835.827060 1
520.196512 808.322702 1

520.196512 808.322702 1
530.350074 798.396468 1

530.350074 798.396468 1
511.210095 776.983614 1

511.210095 776.983614 1
532.234180 775.051257 1

532.234180 775.051257 1
553.620123 765.835734 1

553.620123 765.835734 1
570.637727 752.969667 1

570.637727 752.969667 1
581.503692 739.259660 1

581.503692 739.259660 1
599.776771 752.475253 1

599.776771 752.475253 1
610.348029 769.701961 1

610.348029 769.701961 1
616.346292 758.147725 1

616.346292 758.147725 1
604.004240 709.989888 1

604.004240 709.989888 1
631.879738 735.525909 1

631.879738 735.525909 1
645.049627 721.902992 1

645.049627 721.902992 1
674.498454 732.914650 1

674.498454 732.914650 1
691.729411 715.581934 1

691.729411 715.581934 1
696.983023 709.362578 1

696.983023 709.362578 1
701.646208 715.621806 1

701.646208 715.621806 1
706.629018 714.773090 1

706.629018 714.773090 1
703.574249 750.038389 1

703.574249 750.038389 1
689.908383 779.748109 1

689.908383 779.748109 1
682.824126 796.992332 1

682.824126 796.992332 1
652.873013 770.444285 1

652.873013 770.444285 1
624.716683 796.940162 1

624.716683 796.940162 1
629.644094 812.574005 1

629.644094 812.574005 1
639.751226 840.177840 1

639.751226 840.177840 1
631.010758 850.425543 1

631.010758 850.425543 1
625.067281 858.677229 1

625.067281 858.677229 1
596.706091 864.276628 1

596.706091 864.276628 1
576.737523 872.051862 1

576.737523 872.051862 1
569.227827 861.266448 1

569.227827 861.266448 1
542.492623 892.944917 1

542.492623 892.944917 1
525.575380 877.873861 1

525.575380 877.873861 1
490.730365 901.373318 1

490.730365 901.373318 1
466.107772 946.151671 1

466.107772 946.151671 1
423.629238 932.368046 1

423.629238 932.368046 1
389.605327 948.913931 1

389.605327 948.913931 1
394.073304 972.334479 1

394.073304 972.334479 1
393.053161 983.046490 1

393.053161 983.046490 1
376.072568 995.211414 1

376.072568 995.211414 1
445.240233 988.036209 1

445.240233 988.036209 1
462.821075 979.569312 1

462.821075 979.569312 1
524.411041 977.702472 1

524.411041 977.702472 1
536.477967 974.290201 1

536.477967 974.290201 1
584.189826 973.512775 1

584.189826 973.512775 1
564.505570 964.716251 1

564.505570 964.716251 1
510.837771 954.847849 1

510.837771 954.847849 1
523.990375 923.474175 1

523.990375 923.474175 1
560.180455 911.873551 1

560.180455 911.873551 1
580.452056 925.837885 1

580.452056 925.837885 1
627.975449 889.850792 1

627.975449 889.850792 1
636.135782 860.631229 1

636.135782 860.631229 1
682.236725 851.320628 1

682.236725 851.320628 1
695.968175 847.613070 1

695.968175 847.613070 1
689.329772 875.679165 1

689.329772 875.679165 1
696.385541 892.734615 1

696.385541 892.734615 1
693.200506 905.598914 1

693.200506 905.598914 1
712.704921 947.787465 1

712.704921 947.787465 1
692.415311 947.533246 1

692.415311 947.533246 1
680.262077 942.504151 1

680.262077 942.504151 1
649.590031 981.090710 1

649.590031 981.090710 1
669.044193 999.216390 1

669.044193 999.216390 1
701.765575 979.573136 1

701.765575 979.573136 1
732.217826 969.578145 1

732.217826 969.578145 1
727.712451 954.217682 1

727.712451 954.217682 1
731.021860 942.893974 1

731.021860 942.893974 1
745.982341 905.498080 1

745.982341 905.498080 1
741.152786 893.398321 1

741.152786 893.398321 1
707.931371 865.048733 1

707.931371 865.048733 1
724.880157 831.334019 1

724.880157 831.334019 1
719.246414 820.581618 1

719.246414 820.581618 1
737.573815 797.362936 1

737.573815 797.362936 1
748.147724 785.003811 1

748.147724 785.003811 1
761.512747 790.803492 1

761.512747 790.803492 1
803.435203 872.843462 1

803.435203 872.843462 1
819.396794 864.779564 1

819.396794 864.779564 1
826.255366 883.078406 1

826.255366 883.078406 1
839.602125 881.264176 1

839.602125 881.264176 1
854.752369 881.399207 1

854.752369 881.399207 1
857.023491 883.037436 1

857.023491 883.037436 1
894.582757 909.140558 1

894.582757 909.140558 1
880.274329 934.775579 1

880.274329 934.775579 1
873.330439 951.043055 1

873.330439 951.043055 1
840.790827 919.056762 1

840.790827 919.056762 1
839.752790 918.787636 1

839.752790 918.787636 1
798.651858 913.249038 1

798.651858 913.249038 1
791.183666 940.193518 1

791.183666 940.193518 1
773.698320 964.290933 1

773.698320 964.290933 1
776.433590 980.366504 1

776.433590 980.366504 1
768.877931 991.974758 1

768.877931 991.974758 1
796.691656 997.794964 1

796.691656 997.794964 1
803.912488 977.603398 1

803.912488 977.603398 1
834.853217 945.488718 1

834.853217 945.488718 1
846.368176 950.310123 1

846.368176 950.310123 1
875.071622 975.590308 1

875.071622 975.590308 1
863.165394 981.781503 1

863.165394 981.781503 1
868.683720 997.109625 1

868.683720 997.109625 1
893.460864 985.593020 1

893.460864 985.593020 1
896.442081 971.417172 1

896.442081 971.417172 1
898.529361 958.765851 1

898.529361 958.765851 1
965.227643 945.290834 1

965.227643 945.290834 1
971.687903 948.300322 1

971.687903 948.300322 1
970.321910 949.712771 1

970.321910 949.712771 1
958.431934 960.814061 1

958.431934 960.814061 1
975.049748 986.995677 1

975.049748 986.995677 1
985.768708 973.916651 1

985.768708 973.916651 1
980.074265 953.162590 1

980.074265 953.162590 1
978.386063 947.537075 1

978.386063 947.537075 1
996.022185 873.087851 1

996.022185 873.087851 1
996.591489 868.933159 1

996.591489 868.933159 1
931.441284 878.737616 1

931.441284 878.737616 1
907.458290 877.332899 1

907.458290 877.332899 1
907.586832 866.643149 1

907.586832 866.643149 1
895.101531 851.007410 1

895.101531 851.007410 1
863.623329 861.332451 1

863.623329 861.332451 1
869.050671 825.077930 1

869.050671 825.077930 1
886.753833 825.125642 1

886.753833 825.125642 1
881.001240 797.600963 1

881.001240 797.600963 1
880.815494 788.923604 1

880.815494 788.923604 1
932.624968 806.414662 1

932.624968 806.414662 1
952.075308 814.825241 1

952.075308 814.825241 1
964.258459 821.945396 1

964.258459 821.945396 1
977.762660 810.037587 1

977.762660 810.037587 1
954.646026 806.362394 1

954.646026 806.362394 1
959.558171 797.226117 1

959.558171 797.226117 1
952.027765 773.458106 1

952.027765 773.458106 1
923.512673 788.269963 1

923.512673 788.269963 1
912.756114 784.183188 1

912.756114 784.183188 1
914.224532 774.875844 1

914.224532 774.875844 1
875.102066 752.182457 1

875.102066 752.182457 1
883.556142 736.523960 1

883.556142 736.523960 1
882.696889 730.549752 1

882.696889 730.549752 1
928.823206 739.440526 1

928.823206 739.440526 1
931.383799 733.292339 1

931.383799 733.292339 1
963.530828 730.820118 1

963.530828 730.820118 1
978.158387 717.491118 1

978.158387 717.491118 1
983.607112 713.164779 1

983.607112 713.164779 1
973.776724 675.164243 1

973.776724 675.164243 1
975.088488 661.227967 1

975.088488 661.227967 1
968.862006 638.660998 1

968.862006 638.660998 1
992.465672 644.898084 1

992.465672 644.898084 1
997.333737 597.242606 1

997.333737 597.242606 1
991.928479 585.316606 1

991.928479 585.316606 1
955.722987 620.287837 1

955.722987 620.287837 1
955.199555 599.808596 1

955.199555 599.808596 1
918.625748 575.182399 1

918.625748 575.182399 1
945.715690 535.098082 1

945.715690 535.098082 1
960.800025 523.684509 1

960.800025 523.684509 1
985.816744 527.258885 1

985.816744 527.258885 1
991.956901 491.604109 1

991.956901 491.604109 1
993.861469 455.644911 1

993.861469 455.644911 1
990.616980 430.619768 1

990.616980 430.619768 1
991.376503 430.503011 1

991.376503 430.503011 1
994.894542 402.992889 1

994.894542 402.992889 1
992.045701 392.755731 1

992.045701 392.755731 1
986.083775 355.410868 1

986.083775 355.410868 1
994.496909 334.032430 1

994.496909 334.032430 1
987.724009 332.031648 1

987.724009 332.031648 1
988.509994 309.312303 1

988.509994 309.312303 1
991.377375 277.779473 1

991.377375 277.779473 1
978.553954 263.478266 1

978.553954 263.478266 1
988.346264 238.559510 1

988.346264 238.559510 1
962.147381 253.337369 1

962.147381 253.337369 1
942.306999 252.262590 1

942.306999 252.262590 1
936.051793 280.250088 1

936.051793 280.250088 1
899.779921 275.023403 1

899.779921 275.023403 1
912.459145 299.714310 1

912.459145 299.714310 1
904.401556 322.018534 1

904.401556 322.018534 1
921.292460 327.831824 1

921.292460 327.831824 1
932.198169 335.624583 1

932.198169 335.624583 1
900.705660 376.281265 1

900.705660 376.281265 1
929.494407 381.177257 1

929.494407 381.177257 1
984.651049 466.620118 1

984.651049 466.620118 1
949.889811 499.129741 1

949.889811 499.129741 1
929.043456 456.763142 1

929.043456 456.763142 1
901.347341 448.588756 1

901.347341 448.588756 1
898.721575 443.138751 1

898.721575 443.138751 1
888.176472 416.803152 1

888.176472 416.803152 1
870.177615 456.310182 1

870.177615 456.310182 1
864.183424 453.094624 1

864.183424 453.094624 1
833.817580 433.752735 1

833.817580 433.752735 1
847.159571 458.522104 1

847.159571 458.522104 1
879.668118 500.061428 1

879.668118 500.061428 1
885.731189 486.864443 1

885.731189 486.864443 1
915.866964 476.821039 1

915.866964 476.821039 1
915.733430 485.159461 1

915.733430 485.159461 1
905.430533 518.275030 1

905.430533 518.275030 1
910.732224 540.308278 1

910.732224 540.308278 1
909.973671 562.303651 1

909.973671 562.303651 1
904.062796 631.872384 1

904.062796 631.872384 1
905.543377 634.202941 1

905.543377 634.202941 1
944.977053 672.758473 1

944.977053 672.758473 1
922.405061 687.865385 1

922.405061 687.865385 1
910.173494 707.152794 1

910.173494 707.152794 1
901.947007 666.319271 1

901.947007 666.319271 1
848.424652 682.738575 1

848.424652 682.738575 1
870.948556 705.908660 1

870.948556 705.908660 1
872.379466 739.509886 1

872.379466 739.509886 1
848.181036 760.001510 1

848.181036 760.001510 1
798.726106 764.044473 1

798.726106 764.044473 1
790.774179 751.743287 1

790.774179 751.743287 1
788.412322 735.071082 1

788.412322 735.071082 1
756.467182 768.534902 1

756.467182 768.534902 1
723.882335 767.320595 1

723.882335 767.320595 1
717.770597 708.272559 1

717.770597 708.272559 1
715.260147 682.966213 1

715.260147 682.966213 1
702.013877 663.958918 1

702.013877 663.958918 1
701.087969 655.011919 1

701.087969 655.011919 1
698.638235 634.289087 1

698.638235 634.289087 1
734.256755 630.629717 1

734.256755 630.629717 1
772.117818 667.161389 1

772.117818 667.161389 1
784.574500 629.127082 1

784.574500 629.127082 1
792.105744 626.530839 1

792.105744 626.530839 1
810.083215 643.140936 1

810.083215 643.140936 1
816.183066 653.153010 1

816.183066 653.153010 1
842.811448 650.076402 1

842.811448 650.076402 1
857.303883 625.784857 1

857.303883 625.784857 1
842.554317 631.336625 1

842.554317 631.336625 1
826.528163 622.429905 1

826.528163 622.429905 1
845.491381 608.305971 1

845.491381 608.305971 1
830.279394 597.530050 1

830.279394 597.530050 1
813.335030 612.138729 1

813.335030 612.138729 1
817.307455 604.188556 1

817.307455 604.188556 1
819.640885 593.122996 1

819.640885 593.122996 1
832.237731 575.281622 1

832.237731 575.281622 1
817.687770 529.458527 1

817.687770 529.458527 1
828.851854 522.586408 1

828.851854 522.586408 1
840.811646 499.176384 1

840.811646 499.176384 1
822.741859 495.525500 1

822.741859 495.525500 1
813.550885 497.302226 1

813.550885 497.302226 1
786.432677 492.942659 1

786.432677 492.942659 1
793.617493 519.806512 1

793.617493 519.806512 1
792.316589 550.501735 1

792.316589 550.501735 1
786.183041 605.000299 1

786.183041 605.000299 1
768.618785 594.098623 1

768.618785 594.098623 1
770.329442 580.871669 1

770.329442 580.871669 1
764.186150 570.967477 1

764.186150 570.967477 1
754.099498 550.677570 1

754.099498 550.677570 1
743.607294 557.814465 1

743.607294 557.814465 1
721.154655 548.972442 1

721.154655 548.972442 1
719.468128 558.854029 1

719.468128 558.854029 1
733.724703 587.282859 1

733.724703 587.282859 1
733.452730 587.753332 1

733.452730 587.753332 1
715.311546 594.579816 1

715.311546 594.579816 1
708.086964 596.608632 1

708.086964 596.608632 1
693.283256 595.791000 1

693.283256 595.791000 1
684.998604 613.098318 1

684.998604 613.098318 1
696.656823 616.738902 1

696.656823 616.738902 1
675.795426 651.351366 1

675.795426 651.351366 1
664.180380 636.210784 1

664.180380 636.210784 1
663.940298 619.294735 1

663.940298 619.294735 1
675.943038 620.388525 1

675.943038 620.388525 1
670.571138 612.388632 1

670.571138 612.388632 1
644.098854 617.587216 1

644.098854 617.587216 1
645.146560 592.721735 1

645.146560 592.721735 1
620.142319 601.478839 1

620.142319 601.478839 1
591.543889 572.647163 1

591.543889 572.647163 1
632.079569 570.728752 1

632.079569 570.728752 1
661.707920 553.971274 1

661.707920 553.971274 1
618.933715 537.161315 1

618.933715 537.161315 1
606.232678 530.336234 1

606.232678 530.336234 1
593.466983 509.067930 1

593.466983 509.067930 1
577.460508 503.713665 1

577.460508 503.713665 1
608.969993 494.061854 1

608.969993 494.061854 1
616.375065 486.074842 1

616.375065 486.074842 1
644.474260 502.484626 1

644.474260 502.484626 1
656.327448 520.667242 1

656.327448 520.667242 1
673.737366 485.326053 1

673.737366 485.326053 1
684.391293 468.094718 1

684.391293 468.094718 1
710.486124 459.186513 1

710.486124 459.186513 1
695.256549 457.741027 1

695.256549 457.741027 1
682.485936 461.944859 1

682.485936 461.944859 1
668.302925 456.161966 1

668.302925 456.161966 1
666.838578 476.809301 1

666.838578 476.809301 1
660.046317 480.922190 1

660.046317 480.922190 1
638.997094 471.843461 1

638.997094 471.843461 1
628.008684 464.486782 1

628.008684 464.486782 1
632.340380 426.335842 1

632.340380 426.335842 1
645.368481 417.423208 1

645.368481 417.423208 1
662.287559 428.890241 1

662.287559 428.890241 1
662.554539 424.174460 1

662.554539 424.174460 1
675.503473 410.376204 1

675.503473 410.376204 1
697.145272 403.869754 1

697.145272 403.869754 1
713.456800 407.551513 1

713.456800 407.551513 1
726.711482 417.274024 1

726.711482 417.274024 1
739.394014 438.120829 1

739.394014 438.120829 1
742.225301 441.465436 1

742.225301 441.465436 1
749.932477 455.195166 1

749.932477 455.195166 1
722.461666 469.945165 1

722.461666 469.945165 1
727.761370 478.140890 1

727.761370 478.140890 1
736.089611 509.013738 1

736.089611 509.013738 1
748.238026 491.088366 1

748.238026 491.088366 1
766.380042 478.691156 1

766.380042 478.691156 1
779.517607 466.615511 1

779.517607 466.615511 1
793.573212 454.170216 1

793.573212 454.170216 1
791.914127 441.811667 1

791.914127 441.811667 1
749.836436 412.131199 1

749.836436 412.131199 1
727.000299 394.446260 1

727.000299 394.446260 1
716.330784 390.539319 1

716.330784 390.539319 1
717.247086 380.923755 1

717.247086 380.923755 1
706.425302 345.875651 1

706.425302 345.875651 1
687.919343 329.231144 1

687.919343 329.231144 1
681.699207 308.569863 1

681.699207 308.569863 1
653.304465 297.195387 1

653.304465 297.195387 1
650.554226 264.476281 1

650.554226 264.476281 1
698.963818 269.461845 1

698.963818 269.461845 1
714.937948 264.061248 1

714.937948 264.061248 1
743.048265 255.426712 1

743.048265 255.426712 1
744.920324 274.224353 1

744.920324 274.224353 1
744.701665 275.511409 1

744.701665 275.511409 1
759.195389 304.106769 1

759.195389 304.106769 1
757.485542 316.180987 1

757.485542 316.180987 1
753.734901 346.737761 1

753.734901 346.737761 1
775.444128 375.697134 1

775.444128 375.697134 1
778.235651 375.168250 1

778.235651 375.168250 1
806.222039 391.133006 1

806.222039 391.133006 1
807.680947 379.997979 1

807.680947 379.997979 1
800.531067 336.573341 1

800.531067 336.573341 1
792.254678 319.144221 1

792.254678 319.144221 1
797.804018 321.517280 1

797.804018 321.517280 1
812.392400 337.087618 1

812.392400 337.087618 1
829.863584 345.149107 1

829.863584 345.149107 1
835.553871 330.892980 1

835.553871 330.892980 1
837.174430 325.966026 1

837.174430 325.966026 1
854.429665 291.949667 1

854.429665 291.949667 1
836.880580 260.413641 1

836.880580 260.413641 1
802.865692 278.496615 1

802.865692 278.496615 1
788.930764 262.145093 1

788.930764 262.145093 1
785.063195 260.350509 1

785.063195 260.350509 1
779.313360 259.567642 1

779.313360 259.567642 1
786.947231 226.228098 1

786.947231 226.228098 1
820.941868 231.765356 1

820.941868 231.765356 1
840.940001 181.382808 1

840.940001 181.382808 1
834.279738 182.109713 1

834.279738 182.109713 1
802.124246 211.900988 1

802.124246 211.900988 1
765.190573 209.756207 1

765.190573 209.756207 1
760.709333 195.690587 1

760.709333 195.690587 1
772.059858 156.146493 1

772.059858 156.146493 1
747.394825 156.922143 1

747.394825 156.922143 1
731.423423 143.053347 1

731.423423 143.053347 1
732.200278 116.259336 1

732.200278 116.259336 1
778.747094 117.095746 1

778.747094 117.095746 1
804.191796 121.906414 1

804.191796 121.906414 1
814.281632 148.781546 1

814.281632 148.781546 1
815.163441 122.855786 1

815.163441 122.855786 1
803.307259 90.871325 1

803.307259 90.871325 1
785.020137 80.687953 1

785.020137 80.687953 1
816.784496 55.061443 1

816.784496 55.061443 1
821.671367 38.471498 1

821.671367 38.471498 1
832.486389 38.114721 1

832.486389 38.114721 1
858.080305 57.297377 1

858.080305 57.297377 1
857.550213 123.790108 1

857.550213 123.790108 1
877.230687 96.953575 1

877.230687 96.953575 1
891.847829 67.103192 1

891.847829 67.103192 1
893.818518 67.826683 1

893.818518 67.826683 1
921.039760 87.820044 1

921.039760 87.820044 1
935.404931 70.035284 1

935.404931 70.035284 1
961.842165 88.326628 1

961.842165 88.326628 1
957.884277 102.017534 1

957.884277 102.017534 1
956.612881 115.875399 1

956.612881 115.875399 1
922.067223 127.710181 1

922.067223 127.710181 1
901.451564 133.639156 1

901.451564 133.639156 1
894.998546 152.891693 1

894.998546 152.891693 1
910.964340 162.679526 1

910.964340 162.679526 1
940.706850 159.166862 1

940.706850 159.166862 1
903.395357 200.834047 1

903.395357 200.834047 1
921.667804 191.533774 1

921.667804 191.533774 1
929.965893 193.644902 1

929.965893 193.644902 1
964.876547 202.413530 1

964.876547 202.413530 1
965.130377 192.463623 1

965.130377 192.463623 1
974.034844 158.813662 1

974.034844 158.813662 1
998.135974 154.585906 1

998.135974 154.585906 1
981.401507 135.085116 1

981.401507 135.085116 1
981.417897 126.160350 1

981.417897 126.160350 1
987.349009 105.320062 1

987.349009 105.320062 1
999.775888 71.060319 1

999.775888 71.060319 1
959.241704 54.730824 1

959.241704 54.730824 1
918.752129 60.040873 1

918.752129 60.040873 1
923.231085 38.036141 1

923.231085 38.036141 1
911.779636 36.575132 1

911.779636 36.575132 1
915.743321 25.378892 1

915.743321 25.378892 1
913.170524 7.687964 1

913.170524 7.687964 1
906.858556 30.902414 1

906.858556 30.902414 1
881.601272 35.952177 1

881.601272 35.952177 1
852.055923 31.429486 1

852.055923 31.429486 1
834.468315 25.996089 1

834.468315 25.996089 1
823.448738 12.269864 1

823.448738 12.269864 1
815.809553 34.026367 1

815.809553 34.026367 1
809.367722 32.786016 1

809.367722 32.786016 1
783.945253 39.670144 1

783.945253 39.670144 1
778.084995 56.763132 1

778.084995 56.763132 1
752.094739 59.977373 1

752.094739 59.977373 1
755.130267 10.367891 1

755.130267 10.367891 1
716.655883 12.106140 1

716.655883 12.106140 1
713.114663 35.830636 1

713.114663 35.830636 1
723.300020 57.565160 1

723.300020 57.565160 1
716.334303 86.005467 1

716.334303 86.005467 1
678.140792 89.882200 1

678.140792 89.882200 1
670.978413 84.364339 1

670.978413 84.364339 1
653.202725 82.092941 1

653.202725 82.092941 1
635.358457 97.503621 1

635.358457 97.503621 1
658.797891 95.340692 1

658.797891 95.340692 1
711.871171 129.537262 1

711.871171 129.537262 1
720.699894 135.540993 1

720.699894 135.540993 1
737.539041 182.867537 1

737.539041 182.867537 1
745.736193 219.902786 1

745.736193 219.902786 1
724.362817 239.640693 1

724.362817 239.640693 1
706.737433 238.908397 1

706.737433 238.908397 1
689.448817 243.794393 1

689.448817 243.794393 1
674.696792 243.424521 1

674.696792 243.424521 1
692.142062 197.104270 1

692.142062 197.104270 1
689.004726 182.450981 1

689.004726 182.450981 1
673.992556 189.148221 1

673.992556 189.148221 1
662.849848 167.927605 1

662.849848 167.927605 1
605.364655 180.424701 1

605.364655 180.424701 1
631.893508 211.892359 1

631.893508 211.892359 1
639.336981 237.018960 1

639.336981 237.018960 1
631.707283 246.581250 1

631.707283 246.581250 1
617.871038 273.398339 1

617.871038 273.398339 1
614.134303 275.345216 1

614.134303 275.345216 1
627.150255 275.890446 1

627.150255 275.890446 1
625.862811 304.274232 1

625.862811 304.274232 1
590.920317 332.078079 1

590.920317 332.078079 1
587.846701 332.546684 1

587.846701 332.546684 1
551.808429 336.711664 1

551.808429 336.711664 1
541.749394 321.822916 1

541.749394 321.822916 1
544.153565 297.949110 1

544.153565 297.949110 1
540.939292 288.555280 1

540.939292 288.555280 1
539.020240 279.123202 1

539.020240 279.123202 1
541.255697 268.030077 1

541.255697 268.030077 1
533.485270 282.836108 1

533.485270 282.836108 1
502.035387 288.584959 1

502.035387 288.584959 1
478.381435 283.003967 1

478.381435 283.003967 1
496.907511 233.786301 1

496.907511 233.786301 1
514.775969 223.574305 1

514.775969 223.574305 1
527.280895 213.212450 1

527.280895 213.212450 1
496.152801 198.970701 1

496.152801 198.970701 1
492.140992 195.674209 1

492.140992 195.674209 1
537.599287 173.550798 1

537.599287 173.550798 1
541.871716 167.256234 1

541.871716 167.256234 1
539.271317 152.552571 1

539.271317 152.552571 1
513.124602 108.194586 1

513.124602 108.194586 1
518.952479 76.955378 1

518.952479 76.955378 1
558.498124 57.016479 1

558.498124 57.016479 1
558.390978 82.780464 1

558.390978 82.780464 1
576.362524 107.182765 1

576.362524 107.182765 1
580.428518 140.979391 1

580.428518 140.979391 1
618.652518 120.736591 1

618.652518 120.736591 1
594.273146 59.843532 1

594.273146 59.843532 1
639.428829 56.207202 1

639.428829 56.207202 1
656.376995 49.892064 1

656.376995 49.892064 1
660.286737 8.970346 1

660.286737 8.970346 1
647.820215 18.574888 1

647.820215 18.574888 1
627.926388 30.981922 1

627.926388 30.981922 1
626.429091 30.329449 1

626.429091 30.329449 1
607.010645 17.253905 1

607.010645 17.253905 1
591.687926 23.103106 1

591.687926 23.103106 1
566.033659 6.157615 1

566.033659 6.157615 1
544.239971 13.617053 1

544.239971 13.617053 1
549.677875 18.865070 1

549.677875 18.865070 1
544.026794 29.745972 1

544.026794 29.745972 1
552.866858 40.409229 1

552.866858 40.409229 1
551.648037 47.177510 1

551.648037 47.177510 1
533.692139 36.026767 1

533.692139 36.026767 1
528.163569 34.870458 1

528.163569 34.870458 1
506.758848 49.476625 1

506.758848 49.476625 1
481.587642 49.352058 1

481.587642 49.352058 1
480.026923 48.397482 1

480.026923 48.397482 1
465.183966 12.829013 1

465.183966 12.829013 1
435.320992 2.534165 1

435.320992 2.534165 1
419.703009 15.026481 1

419.703009 15.026481 1
425.198876 19.562353 1

425.198876 19.562353 1
428.731770 19.988322 1

428.731770 19.988322 1
430.378019 35.473209 1

430.378019 35.473209 1
418.925661 46.955603 1

418.925661 46.955603 1
392.388046 26.587143 1

392.388046 26.587143 1
395.094416 47.241644 1

395.094416 47.241644 1
424.109461 60.676707 1

424.109461 60.676707 1
466.844060 43.631658 1

466.844060 43.631658 1
460.741772 70.996327 1

460.741772 70.996327 1
441.812855 85.374702 1

441.812855 85.374702 1
462.230520 93.459738 1

462.230520 93.459738 1
498.739229 132.800004 1

498.739229 132.800004 1
473.569446 154.167393 1

473.569446 154.167393 1
465.022255 143.159847 1

465.022255 143.159847 1
443.119380 162.947022 1

443.119380 162.947022 1
462.221479 187.690796 1

462.221479 187.690796 1
470.406575 223.721606 1

470.406575 223.721606 1
454.955520 220.183008 1

454.955520 220.183008 1
453.025551 224.460441 1

453.025551 224.460441 1
440.015352 236.313630 1

440.015352 236.313630 1
429.764352 268.079695 1

429.764352 268.079695 1
417.051188 268.433361 1

417.051188 268.433361 1
430.609312 291.710927 1

430.609312 291.710927 1
446.957841 309.166423 1

446.957841 309.166423 1
430.213120 325.831304 1

430.213120 325.831304 1
441.753404 336.539549 1

441.753404 336.539549 1
469.289370 322.323794 1

469.289370 322.323794 1
471.143526 319.080557 1

471.143526 319.080557 1
490.719442 304.530419 1

490.719442 304.530419 1
520.027010 315.555865 1

520.027010 315.555865 1
527.904158 336.920473 1

527.904158 336.920473 1
525.382534 339.153816 1

525.382534 339.153816 1
528.801346 348.029830 1

528.801346 348.029830 1
503.946026 354.644279 1

503.946026 354.644279 1
503.678887 356.327464 1

503.678887 356.327464 1
527.768666 369.927939 1

527.768666 369.927939 1
560.675708 359.270654 1

560.675708 359.270654 1
551.638681 383.001466 1

551.638681 383.001466 1
560.264797 390.940596 1

560.264797 390.940596 1
562.831844 385.541193 1

562.831844 385.541193 1
597.394558 376.946838 1

597.394558 376.946838 1
596.480086 369.134901 1

596.480086 369.134901 1
628.501747 347.266098 1

628.501747 347.266098 1
657.849892 334.035987 1

657.849892 334.035987 1
660.056159 327.378958 1

660.056159 327.378958 1
675.791739 349.144027 1

675.791739 349.144027 1
679.200075 367.801415 1

679.200075 367.801415 1
676.358132 374.791085 1

676.358132 374.791085 1
654.418862 382.477456 1

654.418862 382.477456 1
634.005578 370.698841 1

634.005578 370.698841 1
608.445555 414.127047 1

608.445555 414.127047 1
587.478246 432.654728 1

587.478246 432.654728 1
565.712690 453.912069 1

565.712690 453.912069 1
554.475533 459.585062 1

554.475533 459.585062 1
525.822206 435.685176 1

525.822206 435.685176 1
531.206510 455.567129 1

531.206510 455.567129 1
530.708086 460.738597 1

530.708086 460.738597 1
519.163709 460.624507 1

519.163709 460.624507 1
503.632899 458.640428 1

503.632899 458.640428 1
504.111501 462.942165 1

504.111501 462.942165 1
479.846448 479.098998 1

479.846448 479.098998 1
475.776009 469.368638 1

475.776009 469.368638 1
473.837673 438.402311 1

473.837673 438.402311 1
455.325509 412.019765 1

455.325509 412.019765 1
459.141398 403.203664 1

459.141398 403.203664 1
471.401711 394.400041 1

471.401711 394.400041 1
471.640811 391.693943 1

471.640811 391.693943 1
470.815958 387.008197 1

470.815958 387.008197 1
466.266746 377.707867 1

466.266746 377.707867 1
458.526537 384.833385 1

458.526537 384.833385 1
437.160718 367.709035 1

437.160718 367.709035 1
432.155005 366.059727 1

432.155005 366.059727 1
429.379073 384.261631 1

429.379073 384.261631 1
406.206140 374.781426 1

406.206140 374.781426 1
395.226189 351.650099 1

395.226189 351.650099 1
378.152007 349.482816 1

378.152007 349.482816 1
376.596211 342.291832 1

376.596211 342.291832 1
351.902248 287.696710 1

351.902248 287.696710 1
344.301700 289.590433 1

344.301700 289.590433 1
338.816385 284.608440 1

338.816385 284.608440 1
320.315697 255.720304 1

320.315697 255.720304 1
382.620683 230.130757 1

382.620683 230.130757 1
407.580024 216.325246 1

407.580024 216.325246 1
400.879585 200.997144 1

400.879585 200.997144 1
405.329874 184.490382 1

405.329874 184.490382 1
394.712378 196.525589 1

394.712378 196.525589 1
363.193508 189.014855 1

363.193508 189.014855 1
353.700287 201.386194 1

353.700287 201.386194 1
323.172423 203.422820 1

323.172423 203.422820 1
321.060769 188.255108 1

321.060769 188.255108 1
276.040598 172.533264 1

276.040598 172.533264 1
284.473273 130.969370 1

284.473273 130.969370 1
312.430221 138.374499 1

312.430221 138.374499 1
340.258224 112.632286 1

340.258224 112.632286 1
364.992245 107.880904 1

364.992245 107.880904 1
404.110741 120.694687 1

404.110741 120.694687 1
389.319111 106.188272 1

389.319111 106.188272 1
347.345291 88.327466 1

347.345291 88.327466 1
325.011251 92.865697 1

325.011251 92.865697 1
319.207270 86.430399 1

319.207270 86.430399 1
314.265594 90.736002 1

314.265594 90.736002 1
313.413306 87.995633 1

313.413306 87.995633 1
306.066218 54.175794 1

306.066218 54.175794 1
363.120499 32.484269 1

363.120499 32.484269 1
334.866936 33.112903 1

334.866936 33.112903 1
300.590740 32.353438 1

300.590740 32.353438 1
271.731747 11.624587 1

271.731747 11.624587 1
271.449011 30.780469 1

271.449011 30.780469 1
258.629044 33.733722 1

258.629044 33.733722 1
248.110388 48.118420 1

248.110388 48.118420 1
215.414484 74.265040 1

215.414484 74.265040 1
225.708861 82.727957 1

225.708861 82.727957 1
268.793327 76.005513 1

268.793327 76.005513 1
273.343439 86.468216 1

273.343439 86.468216 1
262.637400 97.447455 1

262.637400 97.447455 1
242.402114 144.502830 1

242.402114 144.502830 1
242.923299 169.904624 1

242.923299 169.904624 1
223.390994 186.840498 1

223.390994 186.840498 1
201.605516 166.836533 1

201.605516 166.836533 1
210.793108 157.366509 1

210.793108 157.366509 1
190.155489 148.537472 1

190.155489 148.537472 1
179.728864 150.090846 1

179.728864 150.090846 1
178.439601 137.730445 1

178.439601 137.730445 1
186.956282 92.382958 1

186.956282 92.382958 1
164.997007 71.456773 1

164.997007 71.456773 1
136.631697 101.256182 1

136.631697 101.256182 1
116.414742 92.340598 1

116.414742 92.340598 1
118.073438 99.552148 1

118.073438 99.552148 1
131.435081 110.621699 1

131.435081 110.621699 1
117.475040 166.943679 1

117.475040 166.943679 1
88.097273 179.526258 1

88.097273 179.526258 1
59.962054 139.617180 1

59.962054 139.617180 1
43.338579 108.308419 1

43.338579 108.308419 1
65.757177 98.558531 1

65.757177 98.558531 1
72.845100 102.165959 1

72.845100 102.165959 1
73.292410 86.054449 1

73.292410 86.054449 1
88.115010 98.609327 1

88.115010 98.609327 1
110.029121 72.141931 1

110.029121 72.141931 1
113.914895 65.189611 1

113.914895 65.189611 1
128.850396 59.625078 1

128.850396 59.625078 1
136.151244 39.358130 1

136.151244 39.358130 1
168.445699 34.459170 1

168.445699 34.459170 1
169.085553 25.942731 1

169.085553 25.942731 1
200.050055 21.403666 1

200.050055 21.403666 1
202.126693 25.957036 1

202.126693 25.957036 1
217.865579 10.339172 1

217.865579 10.339172 1
176.359570 12.584199 1

176.359570 12.584199 1
170.377714 0.950556 1

170.377714 0.950556 1
156.716283 22.612270 1

156.716283 22.612270 1
136.660991 17.905427 1

136.660991 17.905427 1
126.170189 3.632575 1

126.170189 3.632575 1
119.952981 14.456786 1

119.952981 14.456786 1
88.757192 12.261103 1

88.757192 12.261103 1
98.151392 54.270213 1

98.151392 54.270213 1
105.521581 56.204526 1

105.521581 56.204526 1
95.035920 68.185588 1

95.035920 68.185588 1
72.060004 37.716652 1

72.060004 37.716652 1
65.712529 31.689479 1

65.712529 31.689479 1
16.803374 12.793459 1

16.803374 12.793459 1
9.584281 13.460236 1

9.584281 13.460236 1
23.839563 43.142594 1

23.839563 43.142594 1
19.783631 71.347605 1

19.783631 71.347605 1
18.514542 132.162282 1

18.514542 132.162282 1
18.210736 141.682077 1

18.210736 141.682077 1
6.475903 153.687214 1

6.475903 153.687214 1
10.403187 168.492486 1

10.403187 168.492486 1
11.390885 179.938402 1

11.390885 179.938402 1
40.150532 203.315790 1

40.150532 203.315790 1
55.782266 196.205826 1

55.782266 196.205826 1
87.476550 220.153251 1

87.476550 220.153251 1
90.552105 201.900934 1

90.552105 201.900934 1
114.203358 187.736370 1

114.203358 187.736370 1
121.657442 218.682846 1

121.657442 218.682846 1
106.686879 243.186806 1

106.686879 243.186806 1
84.431249 254.044041 1

84.431249 254.044041 1
60.508892 243.532385 1

60.508892 243.532385 1
19.995714 212.381102 1

19.995714 212.381102 1
17.325126 239.076034 1

17.325126 239.076034 1
4.321849 259.561650 1

4.321849 259.561650 1
31.255127 261.403090 1

31.255127 261.403090 1
15.296244 284.151515 1

15.296244 284.151515 1
18.281990 340.860352 1

18.281990 340.860352 1
11.453068 351.629649 1

11.453068 351.629649 1
32.834663 356.102733 1

32.834663 356.102733 1
38.593722 337.799318 1

38.593722 337.799318 1
47.097796 327.802282 1

47.097796 327.802282 1
59.029596 340.569444 1

59.029596 340.569444 1
96.929416 346.107469 1

96.929416 346.107469 1
116.966615 360.891085 1

116.966615 360.891085 1
117.259003 343.530941 1

117.259003 343.530941 1
147.339519 334.563658 1

147.339519 334.563658 1
115.254286 296.284665 1

115.254286 296.284665 1
99.394337 309.050552 1

99.394337 309.050552 1
87.200165 277.986430 1

87.200165 277.986430 1
121.721285 283.740751 1

121.721285 283.740751 1
124.187349 270.454017 1

124.187349 270.454017 1
154.399623 262.327844 1

154.399623 262.327844 1
153.400980 233.102749 1

153.400980 233.102749 1
150.698521 224.253082 1

150.698521 224.253082 1
149.605036 186.225941 1

149.605036 186.225941 1
172.509676 166.259648 1

172.509676 166.259648 1
192.809774 189.912737 1

192.809774 189.912737 1
221.710121 204.382832 1

221.710121 204.382832 1
242.254980 213.859858 1

242.254980 213.859858 1
269.788562 237.436052 1

269.788562 237.436052 1
269.595893 243.961791 1

269.595893 243.961791 1
270.767719 255.912666 1

270.767719 255.912666 1
265.799404 258.073338 1

265.799404 258.073338 1
257.083543 287.014994 1

257.083543 287.014994 1
234.184221 300.215231 1

234.184221 300.215231 1
234.086043 294.412482 1

234.086043 294.412482 1
232.139192 295.195609 1

232.139192 295.195609 1
209.091219 287.506133 1

209.091219 287.506133 1
194.601755 276.267587 1

194.601755 276.267587 1
189.872341 275.269230 1

189.872341 275.269230 1
202.162913 312.229242 1

202.162913 312.229242 1
186.979904 332.797880 1

186.979904 332.797880 1
170.543647 388.133003 1

170.543647 388.133003 1
184.681914 404.574937 1

184.681914 404.574937 1
191.296449 423.659777 1

191.296449 423.659777 1
192.844900 417.526158 1

192.844900 417.526158 1
192.563948 384.902366 1

192.563948 384.902366 1
215.319248 377.767146 1

215.319248 377.767146 1
223.622186 374.493609 1

223.622186 374.493609 1
218.224105 351.603907 1

218.224105 351.603907 1
241.507259 313.070332 1

241.507259 313.070332 1
250.873863 314.882056 1

250.873863 314.882056 1
305.835863 309.907774 1

305.835863 309.907774 1
327.947962 358.320685 1

327.947962 358.320685 1
327.830053 365.441104 1

327.830053 365.441104 1
296.029389 341.487634 1

296.029389 341.487634 1
292.735304 340.772922 1

292.735304 340.772922 1
270.241315 362.076559 1

270.241315 362.076559 1
264.552205 398.734086 1

264.552205 398.734086 1
247.096003 435.000179 1

247.096003 435.000179 1
261.155583 431.140209 1

261.155583 431.140209 1
286.289129 435.904686 1

286.289129 435.904686 1
308.243040 464.727120 1

308.243040 464.727120 1
314.302837 470.318776 1

314.302837 470.318776 1
287.570684 384.908021 1

287.570684 384.908021 1
317.432800 389.365280 1

317.432800 389.365280 1
327.989893 394.149432 1

327.989893 394.149432 1
337.289986 393.536284 1

337.289986 393.536284 1
330.744144 422.106885 1

330.744144 422.106885 1
349.435855 410.159381 1

349.435855 410.159381 1
358.474871 405.855892 1

358.474871 405.855892 1
381.930043 395.579878 1

381.930043 395.579878 1
362.840075 422.245082 1

362.840075 422.245082 1
378.566402 443.333321 1

378.566402 443.333321 1
355.134754 464.067037 1

355.134754 464.067037 1
376.091056 492.148784 1

376.091056 492.148784 1
379.228788 527.598107 1

379.228788 527.598107 1
379.556705 530.247126 1

379.556705 530.247126 1
368.736461 538.818751 1

368.736461 538.818751 1
323.535226 508.318791 1

323.535226 508.318791 1
329.558300 532.196638 1

329.558300 532.196638 1
320.466716 548.459978 1

320.466716 548.459978 1
320.244348 564.106707 1

320.244348 564.106707 1
347.038815 555.309148 1

347.038815 555.309148 1
337.185217 619.903366 1

337.185217 619.903366 1
292.463137 613.214498 1

292.463137 613.214498 1
248.831152 611.975605 1

248.831152 611.975605 1
254.914527 606.554661 1

254.914527 606.554661 1
269.629877 571.204369 1

269.629877 571.204369 1
277.636338 542.221100 1

277.636338 542.221100 1
210.682072 530.756329 1

210.682072 530.756329 1
207.490104 515.135277 1

207.490104 515.135277 1
220.775720 510.226215 1

220.775720 510.226215 1
254.115577 502.079012 1

254.115577 502.079012 1
256.498620 498.107293 1

256.498620 498.107293 1
265.299036 470.724997 1

265.299036 470.724997 1
247.633900 476.177511 1

247.633900 476.177511 1
221.496865 490.636450 1

221.496865 490.636450 1
219.999106 494.295866 1

219.999106 494.295866 1
219.777873 494.053066 1

219.777873 494.053066 1
216.198858 494.878602 1

216.198858 494.878602 1
209.214178 487.404883 1

209.214178 487.404883 1
202.784894 471.199986 1

202.784894 471.199986 1
200.079967 471.256066 1

200.079967 471.256066 1
177.155286 464.452395 1

177.155286 464.452395 1
139.364127 458.235173 1

139.364127 458.235173 1
91.735139 478.105656 1

91.735139 478.105656 1
80.737717 461.566434 1

80.737717 461.566434 1
96.331897 439.674435 1

96.331897 439.674435 1
56.489565 422.119664 1

56.489565 422.119664 1
51.706896 422.431820 1

51.706896 422.431820 1
51.359910 387.828924 1

51.359910 387.828924 1
17.865584 413.994141 1

17.865584 413.994141 1
8.257758 432.428149 1

8.257758 432.428149 1
26.399535 468.543456 1

26.399535 468.543456 1
27.389992 476.037655 1

27.389992 476.037655 1
13.740995 471.229137 1

13.740995 471.229137 1
2.732472 483.117399 1

2.732472 483.117399 1
49.858653 501.158916 1

49.858653 501.158916 1
63.551715 521.329962 1

63.551715 521.329962 1
88.807986 518.535180 1

88.807986 518.535180 1
104.999021 505.633266 1

104.999021 505.633266 1
129.758433 493.962837 1

129.758433 493.962837 1
160.922076 481.298366 1

160.922076 481.298366 1
147.137663 532.242023 1

147.137663 532.242023 1
139.012470 535.628979 1

139.012470 535.628979 1
91.276831 536.665574 1

91.276831 536.665574 1
43.541711 549.582989 1

43.541711 549.582989 1
32.180785 539.792485 1

32.180785 539.792485 1
3.278644 586.797041 1

3.278644 586.797041 1
29.908023 573.541248 1

29.908023 573.541248 1
51.154000 553.793652 1

51.154000 553.793652 1
77.198845 572.100300 1

77.198845 572.100300 1
90.237252 577.297861 1

90.237252 577.297861 1
93.311990 594.550959 1

93.311990 594.550959 1
87.602182 597.741415 1

87.602182 597.741415 1
60.201151 606.383344 1

60.201151 606.383344 1
68.593315 617.768210 1

68.593315 617.768210 1
58.357625 619.132445 1

58.357625 619.132445 1
50.874782 632.069379 1

50.874782 632.069379 1
30.547905 647.166743 1

30.547905 647.166743 1
21.031928 688.038641 1

21.031928 688.038641 1
34.535193 701.630229 1

34.535193 701.630229 1
28.317409 716.185893 1

28.317409 716.185893 1
20.781046 731.926527 1

20.781046 731.926527 1
17.031589 775.764648 1

17.031589 775.764648 1
51.511589 729.467406 1

51.511589 729.467406 1
56.608741 732.133230 1

56.608741 732.133230 1
75.192771 733.210486 1

75.192771 733.210486 1
58.088445 715.149815 1

58.088445 715.149815 1
62.679803 688.995217 1

62.679803 688.995217 1
78.196740 706.271715 1

78.196740 706.271715 1
82.233254 721.663182 1

82.233254 721.663182 1
101.761251 730.784895 1

101.761251 730.784895 1
101.201732 754.660318 1

101.201732 754.660318 1
43.850713 828.499875 1

43.850713 828.499875 1
6.228991 826.170850 1

6.228991 826.170850 1
40.307702 845.029186 1

40.307702 845.029186 1
31.155866 887.963599 1

31.155866 887.963599 1
16.783497 913.305432 1

16.783497 913.305432 1
15.473349 947.912808 1

15.473349 947.912808 1
6.625677 946.982622 1

6.625677 946.982622 1
7.153904 958.454974 1

7.153904 958.454974 1
3.071229 972.427123 1

3.071229 972.427123 1
27.917022 992.937149 1

27.917022 992.937149 1
27.233087 958.465829 1

27.233087 958.465829 1
24.730357 947.554808 1

24.730357 947.554808 1
38.973969 947.065888 1

38.973969 947.065888 1
36.162159 936.196046 1

36.162159 936.196046 1
46.329961 921.128913 1

46.329961 921.128913 1
53.823179 922.280597 1

53.823179 922.280597 1
40.615967 868.180819 1

40.615967 868.180819 1
43.344580 867.191479 1

43.344580 867.191479 1
63.745981 853.933928 1

63.745981 853.933928 1
78.790301 871.705878 1

78.790301 871.705878 1
106.502142 855.226144 1

106.502142 855.226144 1
109.941404 816.649076 1

109.941404 816.649076 1
106.191795 808.704608 1

106.191795 808.704608 1
105.316890 786.092246 1

105.316890 786.092246 1
127.406930 791.481398 1

127.406930 791.481398 1
126.518216 770.752225 1

126.518216 770.752225 1
149.013034 739.267480 1

149.013034 739.267480 1
137.336620 728.411466 1

137.336620 728.411466 1
134.035952 716.954263 1

134.035952 716.954263 1
101.184798 709.003261 1

101.184798 709.003261 1
94.871210 683.423187 1

94.871210 683.423187 1
72.365431 650.854923 1

72.365431 650.854923 1
90.041865 623.752983 1

90.041865 623.752983 1
114.678135 612.610543 1

114.678135 612.610543 1
127.381112 598.033986 1

127.381112 598.033986 1
129.696525 632.106721 1

129.696525 632.106721 1
147.272535 654.901282 1

147.272535 654.901282 1
176.494008 641.988521 1

176.494008 641.988521 1
188.112666 640.456023 1

188.112666 640.456023 1
184.863203 593.729406 1

184.863203 593.729406 1
164.232459 614.264950 1

164.232459 614.264950 1
155.679570 616.001431 1

155.679570 616.001431 1
155.546802 615.297359 1

155.546802 615.297359 1
145.235370 608.959103 1

145.235370 608.959103 1
136.004917 594.235398 1

136.004917 594.235398 1
138.640153 587.962854 1

138.640153 587.962854 1
151.398581 563.237325 1

151.398581 563.237325 1
179.675466 525.571461 1

179.675466 525.571461 1
182.369770 511.172913 1

182.369770 511.172913 1
208.547980 537.030829 1

208.547980 537.030829 1
224.068546 559.314241 1

224.068546 559.314241 1
229.293424 579.411935 1

229.293424 579.411935 1
233.694390 582.681407 1

233.694390 582.681407 1
229.692727 599.388813 1

229.692727 599.388813 1
232.910505 634.486751 1

232.910505 634.486751 1
240.355274 637.927053 1

240.355274 637.927053 1
254.840542 642.255984 1

254.840542 642.255984 1
281.415974 645.107938 1

281.415974 645.107938 1
320.192079 637.564802 1

320.192079 637.564802 1
313.368291 680.652231 1

313.368291 680.652231 1
316.555035 708.843749 1

316.555035 708.843749 1
324.204630 700.455851 1

324.204630 700.455851 1
396.846454 681.917530 1

396.846454 681.917530 1
426.454941 702.109766 1

426.454941 702.109766 1
443.439014 670.069680 1

443.439014 670.069680 1
408.852161 678.245751 1

408.852161 678.245751 1
391.563452 663.912956 1

391.563452 663.912956 1
395.746379 660.622072 1

395.746379 660.622072 1
397.196058 650.615117 1

397.196058 650.615117 1
401.055846 648.057265 1

401.055846 648.057265 1
396.489727 605.120241 1

396.489727 605.120241 1
411.411066 558.217197 1

411.411066 558.217197 1
417.332791 551.802367 1

417.332791 551.802367 1
436.958559 537.526454 1

436.958559 537.526454 1
430.021917 525.073569 1

430.021917 525.073569 1
415.223256 476.117322 1

415.223256 476.117322 1
445.640539 490.807059 1

445.640539 490.807059 1
475.671654 541.993637 1

475.671654 541.993637 1
455.297932 546.575942 1

455.297932 546.575942 1
446.090275 559.623944 1

446.090275 559.623944 1
452.709852 568.438213 1

452.709852 568.438213 1
435.894624 592.195700 1

435.894624 592.195700 1
492.336948 619.550333 1

492.336948 619.550333 1
462.339561 580.894514 1

462.339561 580.894514 1
471.515213 577.007753 1

471.515213 577.007753 1
472.922374 572.500821 1

472.922374 572.500821 1
516.446731 520.671815 1

516.446731 520.671815 1
513.868166 516.741946 1

513.868166 516.741946 1
535.829799 511.749348 1

535.829799 511.749348 1
548.237471 565.950284 1

548.237471 565.950284 1
571.673883 604.336559 1

571.673883 604.336559 1
572.512249 639.923438 1

572.512249 639.923438 1
536.474766 658.558447 1

536.474766 658.558447 1
540.699122 661.458527 1

540.699122 661.458527 1
556.220358 676.205616 1

556.220358 676.205616 1
563.105054 719.856944 1

563.105054 719.856944 1
510.436747 706.737741 1

510.436747 706.737741 1
497.701678 692.832937 1

497.701678 692.832937 1
481.780650 680.963000 1

481.780650 680.963000 1
479.346110 695.032438 1

479.346110 695.032438 1
509.289789 739.248113 1

509.289789 739.248113 1
490.511020 749.361468 1

490.511020 749.361468 1
452.431159 762.699681 1

452.431159 762.699681 1
442.772875 752.606374 1

442.772875 752.606374 1
429.475999 734.985398 1

429.475999 734.985398 1
424.962637 745.394315 1

424.962637 745.394315 1
415.254363 743.966419 1

415.254363 743.966419 1
411.461913 748.406906 1

411.461913 748.406906 1
426.167110 769.599261 1

426.167110 769.599261 1
391.624092 781.250123 1

391.624092 781.250123 1
374.612362 757.835213 1

374.612362 757.835213 1
357.847800 799.676739 1

357.847800 799.676739 1
320.117591 811.178341 1

320.117591 811.178341 1
314.967764 809.716040 1

314.967764 809.716040 1
298.122906 804.403184 1

298.122906 804.403184 1
335.365999 891.372085 1

335.365999 891.372085 1
332.330901 920.724141 1

332.330901 920.724141 1
341.745819 939.814204 1

341.745819 939.814204 1
317.285577 962.673211 1

317.285577 962.673211 1
304.409559 953.730337 1

304.409559 953.730337 1
297.418654 941.669497 1

297.418654 941.669497 1
264.168317 957.137429 1

