852.295596 856.123322 0
835.359999 849.825940 0

835.359999 849.825940 1
826.892996 843.121798 1

826.892996 843.121798 1
821.599562 847.538126 1

821.599562 847.538126 1
809.101152 867.122336 1

809.101152 867.122336 1
806.348098 864.497619 1

806.348098 864.497619 1
762.624267 857.722483 1

762.624267 857.722483 1
739.642759 889.921142 1

739.642759 889.921142 1
718.912431 870.906677 1

718.912431 870.906677 1
716.788309 831.516593 1

716.788309 831.516593 1
693.590405 824.226874 1

693.590405 824.226874 1
666.206688 820.460564 1

666.206688 820.460564 1
667.075500 814.265687 1

667.075500 814.265687 1
655.667392 785.106024 1

655.667392 785.106024 1
634.238775 779.380225 1

634.238775 779.380225 1
633.264259 771.927331 1

633.264259 771.927331 1
630.098911 747.571940 1

630.098911 747.571940 1
638.752835 745.430498 1

638.752835 745.430498 1
631.154656 719.131117 1

631.154656 719.131117 1
634.126144 708.970775 1

634.126144 708.970775 1
602.316895 670.730750 1

602.316895 670.730750 1
576.641896 658.243136 1

576.641896 658.243136 1
589.100436 714.712142 1

589.100436 714.712142 1
601.740161 761.593060 1

601.740161 761.593060 1
569.395860 740.164270 1

569.395860 740.164270 1
566.487508 747.019661 1

566.487508 747.019661 1
531.521609 740.524631 1

531.521609 740.524631 1
512.372489 767.701231 1

512.372489 767.701231 1
512.452136 778.168324 1

512.452136 778.168324 1
476.187023 794.431531 1

476.187023 794.431531 1
491.801169 814.676048 1

491.801169 814.676048 1
452.663603 830.307973 1

452.663603 830.307973 1
430.449149 831.579348 1

430.449149 831.579348 1
421.465015 826.987203 1

421.465015 826.987203 1
422.850131 814.458828 1

422.850131 814.458828 1
439.203307 804.613891 1

439.203307 804.613891 1
449.450299 789.512558 1

449.450299 789.512558 1
451.428341 759.909764 1

451.428341 759.909764 1
455.227575 750.500166 1

455.227575 750.500166 1
438.941984 737.717159 1

438.941984 737.717159 1
446.566276 726.699769 1

446.566276 726.699769 1
488.979512 727.030732 1

488.979512 727.030732 1
498.497298 728.806445 1

498.497298 728.806445 1
523.372384 709.225505 1

523.372384 709.225505 1
543.641299 688.216376 1

543.641299 688.216376 1
559.077935 651.833110 1

559.077935 651.833110 1
552.725789 643.312787 1

552.725789 643.312787 1
577.869778 637.106518 1

577.869778 637.106518 1
611.376845 644.282962 1

611.376845 644.282962 1
626.057375 649.433379 1

626.057375 649.433379 1
622.578889 627.928876 1

622.578889 627.928876 1
575.091486 613.768234 1

575.091486 613.768234 1
535.636061 615.750464 1

535.636061 615.750464 1
518.761920 590.669621 1

518.761920 590.669621 1
498.504690 610.664156 1

498.504690 610.664156 1
504.401241 654.059094 1

504.401241 654.059094 1
499.712398 686.553974 1

499.712398 686.553974 1
466.278671 672.467410 1

466.278671 672.467410 1
459.148443 685.397699 1

459.148443 685.397699 1
449.684873 705.937249 1

449.684873 705.937249 1
440.769547 714.919126 1

440.769547 714.919126 1
440.146723 726.158603 1

440.146723 726.158603 1
411.631288 733.653815 1

411.631288 733.653815 1
410.831549 762.019679 1

410.831549 762.019679 1
413.695756 781.995174 1

413.695756 781.995174 1
415.545276 792.400368 1

415.545276 792.400368 1
381.687330 817.144669 1

381.687330 817.144669 1
363.433076 831.228900 1

363.433076 831.228900 1
347.143885 817.318722 1

347.143885 817.318722 1
326.739948 797.573355 1

326.739948 797.573355 1
318.990418 797.252240 1

318.990418 797.252240 1
328.985056 773.552827 1

328.985056 773.552827 1
348.574855 784.871228 1

348.574855 784.871228 1
354.397262 774.129320 1

354.397262 774.129320 1
370.950748 767.914118 1

370.950748 767.914118 1
344.042222 741.790646 1

344.042222 741.790646 1
363.416868 722.006393 1

363.416868 722.006393 1
375.299737 699.251644 1

375.299737 699.251644 1
386.734577 685.583488 1

386.734577 685.583488 1
382.151814 674.168177 1

382.151814 674.168177 1
365.416853 674.101178 1

365.416853 674.101178 1
358.012911 678.528099 1

358.012911 678.528099 1
343.044593 670.840588 1

343.044593 670.840588 1
346.406083 652.242238 1

346.406083 652.242238 1
395.553122 651.667355 1

395.553122 651.667355 1
420.925111 655.979265 1

420.925111 655.979265 1
425.919164 611.806350 1

425.919164 611.806350 1
477.932135 607.237719 1

477.932135 607.237719 1
463.120824 591.328147 1

463.120824 591.328147 1
433.087336 580.258128 1

433.087336 580.258128 1
419.449844 593.632249 1

419.449844 593.632249 1
412.602466 578.923685 1

412.602466 578.923685 1
391.787887 590.866898 1

391.787887 590.866898 1
374.081234 619.005576 1

374.081234 619.005576 1
349.110732 622.481393 1

349.110732 622.481393 1
337.571806 641.763166 1

337.571806 641.763166 1
314.989812 627.725809 1

314.989812 627.725809 1
303.067774 652.340846 1

303.067774 652.340846 1
290.654059 679.110077 1

290.654059 679.110077 1
277.857974 679.543691 1

277.857974 679.543691 1
267.417818 676.288003 1

267.417818 676.288003 1
260.823737 701.886040 1

260.823737 701.886040 1
260.945897 705.885839 1

260.945897 705.885839 1
276.271754 722.602850 1

276.271754 722.602850 1
286.947198 721.443921 1

286.947198 721.443921 1
319.766804 717.715972 1

319.766804 717.715972 1
294.887314 760.381341 1

294.887314 760.381341 1
301.169654 832.300286 1

301.169654 832.300286 1
324.976255 842.625152 1

324.976255 842.625152 1
349.401713 867.374791 1

349.401713 867.374791 1
363.506647 872.039174 1

363.506647 872.039174 1
360.834764 883.569911 1

360.834764 883.569911 1
337.301222 882.148777 1

337.301222 882.148777 1
318.706922 895.073656 1

318.706922 895.073656 1
318.567429 878.749533 1

318.567429 878.749533 1
288.908251 877.312044 1

288.908251 877.312044 1
273.879154 861.359800 1

273.879154 861.359800 1
239.452146 855.868023 1

239.452146 855.868023 1
227.405582 876.312240 1

227.405582 876.312240 1
232.698551 898.078948 1

232.698551 898.078948 1
223.913430 907.355219 1

223.913430 907.355219 1
220.531111 916.126147 1

220.531111 916.126147 1
211.525087 916.147412 1

211.525087 916.147412 1
206.164985 907.323960 1

206.164985 907.323960 1
198.913297 891.342991 1

198.913297 891.342991 1
184.210328 932.579615 1

184.210328 932.579615 1
191.993289 949.451524 1

191.993289 949.451524 1
164.629294 965.234612 1

164.629294 965.234612 1
170.631315 977.504334 1

170.631315 977.504334 1
171.581055 987.716958 1

171.581055 987.716958 1
160.011979 985.551917 1

160.011979 985.551917 1
149.176756 960.612286 1

149.176756 960.612286 1
152.136931 958.069054 1

152.136931 958.069054 1
141.416599 936.874925 1

141.416599 936.874925 1
134.634135 937.080578 1

134.634135 937.080578 1
145.968121 917.762116 1

145.968121 917.762116 1
139.574916 899.876140 1

139.574916 899.876140 1
144.638913 893.518852 1

144.638913 893.518852 1
160.501989 865.399955 1

160.501989 865.399955 1
166.408572 854.474944 1

166.408572 854.474944 1
144.305184 829.322949 1

144.305184 829.322949 1
144.045864 817.964568 1

144.045864 817.964568 1
122.396611 838.948111 1

122.396611 838.948111 1
117.615953 870.870093 1

117.615953 870.870093 1
89.521932 860.857854 1

89.521932 860.857854 1
74.934490 880.216961 1

74.934490 880.216961 1
48.800096 902.853984 1

48.800096 902.853984 1
25.751266 904.704996 1

25.751266 904.704996 1
50.390677 909.286030 1

50.390677 909.286030 1
61.240871 917.690672 1

61.240871 917.690672 1
58.615410 942.201226 1

58.615410 942.201226 1
87.686412 931.647924 1

87.686412 931.647924 1
94.575704 943.738535 1

94.575704 943.738535 1
100.940546 949.347140 1

100.940546 949.347140 1
104.820191 959.364184 1

104.820191 959.364184 1
123.550479 970.130968 1

123.550479 970.130968 1
101.836324 993.309013 1

101.836324 993.309013 1
93.260245 997.209193 1

93.260245 997.209193 1
80.836920 981.296884 1

80.836920 981.296884 1
81.043121 967.588384 1

81.043121 967.588384 1
30.680544 982.101866 1

30.680544 982.101866 1
18.139841 980.318403 1

18.139841 980.318403 1
10.202254 987.402282 1

10.202254 987.402282 1
4.623597 955.400238 1

4.623597 955.400238 1
11.424950 934.065824 1

11.424950 934.065824 1
6.477709 927.117213 1

6.477709 927.117213 1
16.494954 925.973801 1

16.494954 925.973801 1
9.396342 903.937450 1

9.396342 903.937450 1
20.606771 849.182656 1

20.606771 849.182656 1
28.072952 832.683307 1

28.072952 832.683307 1
67.580926 812.496293 1

67.580926 812.496293 1
68.645394 803.500812 1

68.645394 803.500812 1
64.563653 795.550291 1

64.563653 795.550291 1
39.760640 779.601965 1

39.760640 779.601965 1
22.775812 764.277024 1

22.775812 764.277024 1
7.071375 739.126237 1

7.071375 739.126237 1
10.727381 735.026746 1

10.727381 735.026746 1
8.873319 723.087932 1

8.873319 723.087932 1
17.594335 726.360972 1

17.594335 726.360972 1
27.912691 733.198655 1

27.912691 733.198655 1
60.083396 722.495245 1

60.083396 722.495245 1
61.241118 729.706138 1

61.241118 729.706138 1
59.728591 734.408587 1

59.728591 734.408587 1
77.488109 741.308152 1

77.488109 741.308152 1
110.729972 765.654249 1

110.729972 765.654249 1
141.801542 773.386971 1

141.801542 773.386971 1
170.130588 797.653739 1

170.130588 797.653739 1
199.000359 836.179411 1

199.000359 836.179411 1
226.026395 834.667021 1

226.026395 834.667021 1
214.725101 785.444496 1

214.725101 785.444496 1
177.605084 779.533283 1

177.605084 779.533283 1
179.850970 745.732800 1

179.850970 745.732800 1
166.040077 723.278143 1

166.040077 723.278143 1
202.657907 709.217956 1

202.657907 709.217956 1
200.559225 700.451542 1

200.559225 700.451542 1
201.261622 695.408734 1

201.261622 695.408734 1
203.714978 692.162364 1

203.714978 692.162364 1
233.302148 683.562911 1

233.302148 683.562911 1
246.064195 650.811522 1

246.064195 650.811522 1
239.396968 639.258251 1

239.396968 639.258251 1
258.415997 644.177584 1

258.415997 644.177584 1
266.118911 644.978327 1

266.118911 644.978327 1
260.957022 613.465082 1

260.957022 613.465082 1
227.310320 617.844706 1

227.310320 617.844706 1
229.476310 628.275981 1

229.476310 628.275981 1
223.411691 635.794992 1

223.411691 635.794992 1
195.895680 645.615021 1

195.895680 645.615021 1
204.109309 663.185642 1

204.109309 663.185642 1
186.563106 667.910882 1

186.563106 667.910882 1
179.834015 670.047286 1

179.834015 670.047286 1
184.415892 658.884533 1

184.415892 658.884533 1
172.852413 650.620588 1

172.852413 650.620588 1
173.118911 644.149225 1

173.118911 644.149225 1
159.303642 653.664680 1

159.303642 653.664680 1
167.546003 685.289532 1

167.546003 685.289532 1
150.249188 680.542255 1

150.249188 680.542255 1
108.851317 661.607893 1

108.851317 661.607893 1
71.515136 639.261436 1

71.515136 639.261436 1
76.839532 695.694474 1

76.839532 695.694474 1
73.205249 693.722316 1

73.205249 693.722316 1
46.333275 687.043248 1

46.333275 687.043248 1
7.304144 675.342300 1

7.304144 675.342300 1
4.452876 674.930160 1

4.452876 674.930160 1
39.564629 604.982062 1

39.564629 604.982062 1
51.507771 613.908489 1

51.507771 613.908489 1
53.766894 604.694552 1

53.766894 604.694552 1
80.259910 600.658885 1

80.259910 600.658885 1
65.346811 572.022066 1

65.346811 572.022066 1
63.483384 530.532196 1

63.483384 530.532196 1
26.640581 513.091286 1

26.640581 513.091286 1
33.672191 475.899571 1

33.672191 475.899571 1
37.840513 440.118710 1

37.840513 440.118710 1
11.775556 418.471222 1

11.775556 418.471222 1
36.400561 419.913696 1

36.400561 419.913696 1
81.591236 415.358445 1

81.591236 415.358445 1
103.332238 411.097108 1

103.332238 411.097108 1
110.629625 409.557022 1

110.629625 409.557022 1
135.297175 392.258991 1

135.297175 392.258991 1
113.981031 428.364976 1

113.981031 428.364976 1
122.913297 444.434791 1

122.913297 444.434791 1
118.921809 450.183979 1

118.921809 450.183979 1
104.495773 439.409308 1

104.495773 439.409308 1
78.567168 431.876202 1

78.567168 431.876202 1
85.265963 454.262313 1

85.265963 454.262313 1
93.703076 486.578023 1

93.703076 486.578023 1
90.899845 493.148521 1

90.899845 493.148521 1
102.219584 508.505565 1

102.219584 508.505565 1
118.218897 528.584995 1

118.218897 528.584995 1
102.764898 555.522353 1

102.764898 555.522353 1
104.782215 563.925344 1

104.782215 563.925344 1
97.387316 582.561414 1

97.387316 582.561414 1
119.559727 618.809272 1

119.559727 618.809272 1
153.353399 601.932153 1

153.353399 601.932153 1
202.809972 615.104800 1

202.809972 615.104800 1
218.522927 580.508344 1

218.522927 580.508344 1
203.238790 560.020104 1

203.238790 560.020104 1
197.322771 558.060273 1

197.322771 558.060273 1
205.390629 543.618841 1

205.390629 543.618841 1
169.651164 530.852644 1

169.651164 530.852644 1
159.390050 547.442380 1

159.390050 547.442380 1
148.025611 527.984799 1

148.025611 527.984799 1
143.092596 488.595876 1

143.092596 488.595876 1
158.505835 500.298083 1

158.505835 500.298083 1
161.197431 493.892850 1

161.197431 493.892850 1
169.796058 495.459567 1

169.796058 495.459567 1
177.599707 494.654272 1

177.599707 494.654272 1
168.206137 449.195266 1

168.206137 449.195266 1
150.170752 451.749774 1

150.170752 451.749774 1
141.067755 431.872285 1

141.067755 431.872285 1
158.747044 416.742946 1

158.747044 416.742946 1
150.216215 402.050313 1

150.216215 402.050313 1
183.168271 383.795394 1

183.168271 383.795394 1
158.530739 356.839143 1

158.530739 356.839143 1
113.359835 348.061471 1

113.359835 348.061471 1
87.789381 354.133152 1

87.789381 354.133152 1
80.283281 341.701982 1

80.283281 341.701982 1
81.163709 337.734844 1

81.163709 337.734844 1
108.962590 319.400852 1

108.962590 319.400852 1
160.844470 316.984391 1

160.844470 316.984391 1
175.346066 304.817284 1

175.346066 304.817284 1
169.542874 284.383523 1

169.542874 284.383523 1
166.680748 285.580025 1

166.680748 285.580025 1
138.415881 275.399390 1

138.415881 275.399390 1
164.197447 244.218986 1

164.197447 244.218986 1
238.832781 228.071853 1

238.832781 228.071853 1
266.621934 210.647465 1

266.621934 210.647465 1
292.902508 234.137302 1

292.902508 234.137302 1
298.535782 249.502186 1

298.535782 249.502186 1
284.181122 255.432738 1

284.181122 255.432738 1
275.863111 259.983696 1

275.863111 259.983696 1
264.203506 269.918581 1

264.203506 269.918581 1
261.724185 281.815563 1

261.724185 281.815563 1
256.784677 263.070996 1

256.784677 263.070996 1
239.130180 263.962329 1

239.130180 263.962329 1
238.217465 263.571042 1

238.217465 263.571042 1
211.088879 271.932499 1

211.088879 271.932499 1
219.765233 305.712078 1

219.765233 305.712078 1
200.202662 342.068409 1

200.202662 342.068409 1
208.656478 339.061933 1

208.656478 339.061933 1
231.878017 350.271492 1

231.878017 350.271492 1
232.882682 355.361834 1

232.882682 355.361834 1
260.216763 345.587896 1

260.216763 345.587896 1
286.809052 322.380376 1

286.809052 322.380376 1
290.099008 338.413886 1

290.099008 338.413886 1
307.038587 333.839810 1

307.038587 333.839810 1
329.268134 315.292108 1

329.268134 315.292108 1
304.055856 286.776505 1

304.055856 286.776505 1
328.025770 274.968234 1

328.025770 274.968234 1
354.912859 278.576375 1

354.912859 278.576375 1
356.314238 285.711903 1

356.314238 285.711903 1
371.370202 287.703295 1

371.370202 287.703295 1
392.733220 265.441766 1

392.733220 265.441766 1
400.027029 281.183298 1

400.027029 281.183298 1
447.435296 262.430771 1

447.435296 262.430771 1
445.091607 315.241879 1

445.091607 315.241879 1
460.995301 325.846684 1

460.995301 325.846684 1
500.583558 336.039154 1

500.583558 336.039154 1
527.447039 361.296709 1

527.447039 361.296709 1
527.107548 389.232321 1

527.107548 389.232321 1
533.004635 400.296616 1

533.004635 400.296616 1
565.544357 394.107457 1

565.544357 394.107457 1
571.750662 402.032954 1

571.750662 402.032954 1
520.643739 421.716677 1

520.643739 421.716677 1
502.392144 490.059096 1

502.392144 490.059096 1
485.690271 441.750033 1

485.690271 441.750033 1
508.248267 418.925318 1

508.248267 418.925318 1
501.384519 401.035209 1

501.384519 401.035209 1
439.115113 332.427592 1

439.115113 332.427592 1
408.677560 337.208864 1

408.677560 337.208864 1
396.243204 316.236500 1

396.243204 316.236500 1
378.088392 334.588718 1

378.088392 334.588718 1
327.787367 367.216875 1

327.787367 367.216875 1
290.363650 379.466180 1

290.363650 379.466180 1
294.961703 392.125976 1

294.961703 392.125976 1
280.515052 410.214496 1

280.515052 410.214496 1
239.751552 429.694002 1

239.751552 429.694002 1
240.714769 444.872771 1

240.714769 444.872771 1
281.786821 494.268015 1

281.786821 494.268015 1
276.755144 514.093918 1

276.755144 514.093918 1
267.268130 512.801257 1

267.268130 512.801257 1
272.265503 534.388596 1

272.265503 534.388596 1
288.030014 546.205738 1

288.030014 546.205738 1
275.876453 563.707079 1

275.876453 563.707079 1
284.741918 567.154098 1

284.741918 567.154098 1
284.853101 600.167003 1

284.853101 600.167003 1
285.662651 610.118740 1

285.662651 610.118740 1
312.073639 581.214163 1

312.073639 581.214163 1
323.903960 584.659816 1

323.903960 584.659816 1
313.333414 568.007150 1

313.333414 568.007150 1
341.949432 526.992689 1

341.949432 526.992689 1
360.285084 546.294529 1

360.285084 546.294529 1
375.925923 529.258177 1

375.925923 529.258177 1
374.789236 518.475500 1

374.789236 518.475500 1
353.549574 500.507721 1

353.549574 500.507721 1
377.831399 484.518384 1

377.831399 484.518384 1
363.681018 469.494525 1

363.681018 469.494525 1
352.283562 470.660440 1

352.283562 470.660440 1
329.000901 470.463813 1

329.000901 470.463813 1
312.770805 472.715169 1

312.770805 472.715169 1
310.512966 490.969868 1

310.512966 490.969868 1
304.684369 496.633463 1

304.684369 496.633463 1
320.027374 510.259714 1

320.027374 510.259714 1
298.423058 509.297423 1

298.423058 509.297423 1
290.770471 474.200883 1

290.770471 474.200883 1
286.282055 456.403843 1

286.282055 456.403843 1
292.635418 437.701909 1

292.635418 437.701909 1
291.667551 433.780326 1

291.667551 433.780326 1
303.200425 423.787567 1

303.200425 423.787567 1
359.288003 410.988065 1

359.288003 410.988065 1
398.980800 426.009459 1

398.980800 426.009459 1
405.641106 404.755527 1

405.641106 404.755527 1
449.809436 386.310711 1

449.809436 386.310711 1
457.683327 410.298258 1

457.683327 410.298258 1
454.495379 436.540608 1

454.495379 436.540608 1
426.211843 450.286445 1

426.211843 450.286445 1
417.141174 460.349456 1

417.141174 460.349456 1
439.466140 478.688869 1

439.466140 478.688869 1
454.121290 505.148185 1

454.121290 505.148185 1
438.826927 532.434844 1

438.826927 532.434844 1
472.791118 539.585165 1

472.791118 539.585165 1
505.741196 534.005198 1

505.741196 534.005198 1
510.833224 536.085693 1

510.833224 536.085693 1
513.946371 550.440161 1

513.946371 550.440161 1
522.591491 544.799024 1

522.591491 544.799024 1
520.429841 531.500916 1

520.429841 531.500916 1
546.621568 541.695991 1

546.621568 541.695991 1
549.912118 565.670294 1

549.912118 565.670294 1
551.057549 576.383501 1

551.057549 576.383501 1
580.394790 572.771932 1

580.394790 572.771932 1
570.825492 563.633262 1

570.825492 563.633262 1
572.260311 557.377809 1

572.260311 557.377809 1
563.881043 517.881832 1

563.881043 517.881832 1
549.064914 506.962285 1

549.064914 506.962285 1
573.802105 491.021857 1

573.802105 491.021857 1
612.152196 482.854652 1

612.152196 482.854652 1
606.172760 467.371872 1

606.172760 467.371872 1
595.342234 473.324143 1

595.342234 473.324143 1
588.998318 467.190951 1

588.998318 467.190951 1
603.197477 447.578609 1

603.197477 447.578609 1
646.036575 454.296455 1

646.036575 454.296455 1
648.326789 441.493530 1

648.326789 441.493530 1
673.984097 412.131271 1

673.984097 412.131271 1
668.924060 405.456677 1

668.924060 405.456677 1
685.416550 383.094132 1

685.416550 383.094132 1
669.068022 381.384756 1

669.068022 381.384756 1
669.088051 366.577336 1

669.088051 366.577336 1
661.180064 354.546481 1

661.180064 354.546481 1
660.452384 353.902354 1

660.452384 353.902354 1
637.948598 362.688842 1

637.948598 362.688842 1
628.056991 375.705397 1

628.056991 375.705397 1
632.099465 363.873206 1

632.099465 363.873206 1
634.419551 334.613086 1

634.419551 334.613086 1
600.922373 320.148074 1

600.922373 320.148074 1
601.396320 325.567858 1

601.396320 325.567858 1
596.679325 331.427451 1

596.679325 331.427451 1
578.776262 345.840048 1

578.776262 345.840048 1
575.610230 344.047007 1

575.610230 344.047007 1
574.198538 351.291177 1

574.198538 351.291177 1
554.369103 339.034503 1

554.369103 339.034503 1
548.118272 313.516297 1

548.118272 313.516297 1
548.945327 272.962230 1

548.945327 272.962230 1
536.196576 256.522298 1

536.196576 256.522298 1
536.702100 249.099036 1

536.702100 249.099036 1
519.873225 264.332093 1

519.873225 264.332093 1
491.295671 275.229669 1

491.295671 275.229669 1
463.155946 244.761070 1

463.155946 244.761070 1
476.671559 230.065099 1

476.671559 230.065099 1
494.896262 192.447920 1

494.896262 192.447920 1
481.012726 196.966122 1

481.012726 196.966122 1
456.538271 181.672354 1

456.538271 181.672354 1
452.364018 188.341202 1

452.364018 188.341202 1
448.573899 201.431135 1

448.573899 201.431135 1
443.523745 223.808130 1

443.523745 223.808130 1
436.955983 227.225287 1

436.955983 227.225287 1
432.463904 218.650352 1

432.463904 218.650352 1
423.751190 234.085553 1

423.751190 234.085553 1
394.233166 238.211239 1

394.233166 238.211239 1
395.033933 219.159444 1

395.033933 219.159444 1
386.086880 229.958934 1

386.086880 229.958934 1
380.947994 229.523596 1

380.947994 229.523596 1
328.843008 246.327641 1

328.843008 246.327641 1
321.224669 209.859904 1

321.224669 209.859904 1
322.824347 181.922156 1

322.824347 181.922156 1
294.834469 166.783237 1

294.834469 166.783237 1
271.242581 171.963447 1

271.242581 171.963447 1
252.389101 151.997335 1

252.389101 151.997335 1
236.147470 136.319069 1

236.147470 136.319069 1
204.470620 125.781627 1

204.470620 125.781627 1
193.127591 156.719890 1

193.127591 156.719890 1
207.745652 159.426163 1

207.745652 159.426163 1
214.944515 201.162348 1

214.944515 201.162348 1
191.059335 206.523514 1

191.059335 206.523514 1
150.747513 220.695844 1

150.747513 220.695844 1
136.087800 207.760695 1

136.087800 207.760695 1
129.649067 204.340697 1

129.649067 204.340697 1
144.513093 178.343124 1

144.513093 178.343124 1
126.648358 162.992636 1

126.648358 162.992636 1
124.764805 149.424170 1

124.764805 149.424170 1
118.262696 137.038812 1

118.262696 137.038812 1
114.236657 130.145867 1

114.236657 130.145867 1
155.395707 116.324865 1

155.395707 116.324865 1
174.408711 128.845849 1

174.408711 128.845849 1
191.909550 102.392111 1

191.909550 102.392111 1
169.235149 88.202186 1

169.235149 88.202186 1
161.863511 76.093937 1

161.863511 76.093937 1
175.245194 48.115529 1

175.245194 48.115529 1
152.516280 34.548410 1

152.516280 34.548410 1
139.759244 50.277617 1

139.759244 50.277617 1
139.434229 51.071458 1

139.434229 51.071458 1
120.732654 54.633760 1

120.732654 54.633760 1
117.858660 70.962599 1

117.858660 70.962599 1
113.448799 70.911462 1

113.448799 70.911462 1
102.499559 85.428824 1

102.499559 85.428824 1
61.385904 99.748136 1

61.385904 99.748136 1
45.812274 103.538787 1

45.812274 103.538787 1
75.350290 106.245699 1

75.350290 106.245699 1
74.455288 110.080285 1

74.455288 110.080285 1
106.150811 148.036171 1

106.150811 148.036171 1
107.672931 176.973808 1

107.672931 176.973808 1
90.522243 192.223351 1

90.522243 192.223351 1
74.793514 198.419007 1

74.793514 198.419007 1
71.277182 203.187446 1

71.277182 203.187446 1
61.367374 221.056054 1

61.367374 221.056054 1
81.329003 234.018552 1

81.329003 234.018552 1
97.143709 233.159825 1

97.143709 233.159825 1
84.144871 247.251024 1

84.144871 247.251024 1
65.734998 275.121879 1

65.734998 275.121879 1
104.095031 282.625657 1

104.095031 282.625657 1
95.763617 288.396966 1

95.763617 288.396966 1
80.108271 315.340016 1

80.108271 315.340016 1
59.238153 332.079093 1

59.238153 332.079093 1
39.614465 336.230330 1

39.614465 336.230330 1
38.008578 322.174383 1

38.008578 322.174383 1
28.071017 309.279638 1

28.071017 309.279638 1
44.705744 277.138303 1

44.705744 277.138303 1
49.415202 269.810724 1

49.415202 269.810724 1
29.257106 263.347462 1

29.257106 263.347462 1
16.353522 209.760402 1

16.353522 209.760402 1
1.291782 186.477587 1

1.291782 186.477587 1
21.353791 194.126101 1

21.353791 194.126101 1
31.619474 190.103381 1

31.619474 190.103381 1
57.201129 177.457925 1

57.201129 177.457925 1
65.957896 177.408129 1

65.957896 177.408129 1
47.992775 155.533346 1

47.992775 155.533346 1
43.393116 126.554013 1

43.393116 126.554013 1
26.593032 112.597765 1

26.593032 112.597765 1
22.374904 114.276984 1

22.374904 114.276984 1
25.720756 100.780353 1

25.720756 100.780353 1
6.576089 90.735839 1

6.576089 90.735839 1
11.979822 88.646999 1

11.979822 88.646999 1
20.079772 56.178845 1

20.079772 56.178845 1
2.093867 36.893040 1

2.093867 36.893040 1
34.020645 4.391552 1

34.020645 4.391552 1
62.410124 7.258408 1

62.410124 7.258408 1
36.896500 42.939258 1

36.896500 42.939258 1
27.260527 40.287921 1

27.260527 40.287921 1
27.245199 55.388384 1

27.245199 55.388384 1
43.155943 52.685487 1

43.155943 52.685487 1
60.021024 73.485700 1

60.021024 73.485700 1
59.790374 71.044290 1

59.790374 71.044290 1
60.285793 54.233184 1

60.285793 54.233184 1
55.953200 35.838506 1

55.953200 35.838506 1
85.303087 30.918007 1

85.303087 30.918007 1
100.458425 40.438223 1

100.458425 40.438223 1
112.592980 39.947566 1

112.592980 39.947566 1
120.230976 15.070466 1

120.230976 15.070466 1
143.142649 6.780104 1

143.142649 6.780104 1
240.661552 1.702901 1

240.661552 1.702901 1
240.333064 25.435775 1

240.333064 25.435775 1
216.200257 53.039170 1

216.200257 53.039170 1
201.762985 53.789858 1

201.762985 53.789858 1
198.994852 70.841718 1

198.994852 70.841718 1
212.203785 83.908330 1

212.203785 83.908330 1
226.144088 77.807900 1

226.144088 77.807900 1
229.490408 62.745962 1

229.490408 62.745962 1
246.890563 58.723226 1

246.890563 58.723226 1
293.635827 22.790056 1

293.635827 22.790056 1
314.902987 8.732472 1

314.902987 8.732472 1
335.633820 12.962393 1

335.633820 12.962393 1
345.886893 22.291922 1

345.886893 22.291922 1
343.638556 59.748625 1

343.638556 59.748625 1
390.380468 57.717939 1

390.380468 57.717939 1
386.842658 41.759538 1

386.842658 41.759538 1
419.750334 33.257265 1

419.750334 33.257265 1
431.548299 10.809467 1

431.548299 10.809467 1
438.741878 0.480402 1

438.741878 0.480402 1
469.466404 9.216293 1

469.466404 9.216293 1
493.260436 17.263279 1

493.260436 17.263279 1
501.997635 23.415364 1

501.997635 23.415364 1
503.474163 30.758637 1

503.474163 30.758637 1
525.898415 48.181733 1

525.898415 48.181733 1
546.539746 62.862951 1

546.539746 62.862951 1
485.839533 56.506523 1

485.839533 56.506523 1
482.251466 51.209450 1

482.251466 51.209450 1
450.250366 47.542569 1

450.250366 47.542569 1
414.852950 90.106190 1

414.852950 90.106190 1
400.428055 87.704212 1

400.428055 87.704212 1
378.659735 82.377148 1

378.659735 82.377148 1
357.178596 79.518660 1

357.178596 79.518660 1
331.692339 73.920060 1

331.692339 73.920060 1
313.004013 88.665932 1

313.004013 88.665932 1
311.274694 57.749820 1

311.274694 57.749820 1
307.426501 47.877519 1

307.426501 47.877519 1
305.885423 49.936505 1

305.885423 49.936505 1
292.926117 66.116050 1

292.926117 66.116050 1
271.166708 67.933707 1

271.166708 67.933707 1
268.701417 104.755669 1

268.701417 104.755669 1
339.977436 145.381460 1

339.977436 145.381460 1
384.688241 169.961930 1

384.688241 169.961930 1
397.936506 163.209745 1

397.936506 163.209745 1
410.248553 134.932975 1

410.248553 134.932975 1
425.809109 143.336725 1

425.809109 143.336725 1
424.491116 147.923395 1

424.491116 147.923395 1
427.393465 161.410975 1

427.393465 161.410975 1
438.194651 152.846879 1

438.194651 152.846879 1
476.885807 143.816992 1

476.885807 143.816992 1
455.330802 110.181051 1

455.330802 110.181051 1
456.439664 96.934518 1

456.439664 96.934518 1
478.485152 93.846237 1

478.485152 93.846237 1
477.397926 99.252129 1

477.397926 99.252129 1
474.486904 106.280595 1

474.486904 106.280595 1
483.279094 111.749411 1

483.279094 111.749411 1
517.377351 117.292242 1

517.377351 117.292242 1
506.822200 127.696250 1

506.822200 127.696250 1
501.983087 130.951088 1

501.983087 130.951088 1
500.054815 134.158191 1

500.054815 134.158191 1
506.145925 135.470309 1

506.145925 135.470309 1
518.728193 139.925137 1

518.728193 139.925137 1
544.025442 165.010598 1

544.025442 165.010598 1
549.710184 174.950098 1

549.710184 174.950098 1
572.322781 157.289085 1

572.322781 157.289085 1
578.550833 164.250800 1

578.550833 164.250800 1
616.942316 151.078194 1

616.942316 151.078194 1
640.040409 186.851933 1

640.040409 186.851933 1
619.902358 190.569154 1

619.902358 190.569154 1
601.032943 198.137903 1

601.032943 198.137903 1
591.549760 190.666660 1

591.549760 190.666660 1
568.913828 203.990217 1

568.913828 203.990217 1
565.997361 227.602486 1

565.997361 227.602486 1
593.013370 271.945384 1

593.013370 271.945384 1
607.266520 269.407733 1

607.266520 269.407733 1
601.248939 288.245638 1

601.248939 288.245638 1
612.714912 292.002179 1

612.714912 292.002179 1
626.836367 285.719880 1

626.836367 285.719880 1
643.034010 260.286058 1

643.034010 260.286058 1
646.165128 257.615769 1

646.165128 257.615769 1
620.466468 219.061107 1

620.466468 219.061107 1
635.896045 216.443589 1

635.896045 216.443589 1
648.705626 227.752376 1

648.705626 227.752376 1
676.567932 215.555969 1

676.567932 215.555969 1
683.193219 220.762470 1

683.193219 220.762470 1
674.913432 238.807845 1

674.913432 238.807845 1
711.126590 233.231096 1

711.126590 233.231096 1
717.545468 205.152274 1

717.545468 205.152274 1
719.377951 203.971042 1

719.377951 203.971042 1
696.255127 199.390035 1

696.255127 199.390035 1
655.220668 178.845625 1

655.220668 178.845625 1
659.978536 136.207789 1

659.978536 136.207789 1
675.027318 113.491373 1

675.027318 113.491373 1
662.737089 73.097296 1

662.737089 73.097296 1
659.195628 50.834549 1

659.195628 50.834549 1
637.624407 84.223985 1

637.624407 84.223985 1
604.788364 65.920671 1

604.788364 65.920671 1
587.105335 80.010620 1

587.105335 80.010620 1
567.855137 58.779851 1

567.855137 58.779851 1
582.632872 45.644670 1

582.632872 45.644670 1
588.846277 34.492628 1

588.846277 34.492628 1
589.421423 28.718986 1

589.421423 28.718986 1
589.070438 16.806611 1

589.070438 16.806611 1
613.985681 0.233066 1

613.985681 0.233066 1
635.983396 39.271557 1

635.983396 39.271557 1
652.048299 38.103744 1

652.048299 38.103744 1
664.242792 37.267176 1

664.242792 37.267176 1
665.817522 42.129397 1

665.817522 42.129397 1
701.309976 43.265512 1

701.309976 43.265512 1
687.141021 58.737198 1

687.141021 58.737198 1
707.344223 85.730394 1

707.344223 85.730394 1
731.813365 87.889528 1

731.813365 87.889528 1
747.512174 85.605094 1

747.512174 85.605094 1
747.832070 91.212937 1

747.832070 91.212937 1
752.421961 120.375847 1

752.421961 120.375847 1
758.703312 159.635098 1

758.703312 159.635098 1
773.427980 166.486911 1

773.427980 166.486911 1
782.482125 179.978193 1

782.482125 179.978193 1
800.524127 165.760282 1

800.524127 165.760282 1
820.762575 174.816441 1

820.762575 174.816441 1
849.072007 168.501575 1

849.072007 168.501575 1
902.323217 169.930785 1

902.323217 169.930785 1
893.093719 143.343969 1

893.093719 143.343969 1
895.589683 136.873323 1

895.589683 136.873323 1
930.155119 116.239606 1

930.155119 116.239606 1
927.269659 104.691347 1

927.269659 104.691347 1
894.255245 88.680080 1

894.255245 88.680080 1
892.459951 85.745115 1

892.459951 85.745115 1
866.768892 118.656022 1

866.768892 118.656022 1
814.130817 134.947660 1

814.130817 134.947660 1
813.019888 113.115986 1

813.019888 113.115986 1
797.456302 107.120221 1

797.456302 107.120221 1
814.985424 63.944871 1

814.985424 63.944871 1
791.209885 60.574846 1

791.209885 60.574846 1
785.809566 47.882604 1

785.809566 47.882604 1
783.224759 48.735959 1

783.224759 48.735959 1
758.088552 25.150158 1

758.088552 25.150158 1
744.487126 5.009903 1

744.487126 5.009903 1
762.863441 7.655705 1

762.863441 7.655705 1
804.790257 15.921494 1

804.790257 15.921494 1
807.775585 8.439562 1

807.775585 8.439562 1
828.012232 0.872230 1

828.012232 0.872230 1
845.070708 2.247358 1

845.070708 2.247358 1
855.969879 19.133975 1

855.969879 19.133975 1
840.380609 46.540945 1

840.380609 46.540945 1
833.066164 51.682460 1

833.066164 51.682460 1
879.336967 45.873967 1

879.336967 45.873967 1
886.428465 56.280540 1

886.428465 56.280540 1
908.790192 74.374018 1

908.790192 74.374018 1
886.500694 15.194014 1

886.500694 15.194014 1
951.121984 28.457063 1

951.121984 28.457063 1
961.311806 39.940787 1

961.311806 39.940787 1
984.728661 39.862639 1

984.728661 39.862639 1
964.686121 70.262409 1

964.686121 70.262409 1
983.245556 87.690087 1

983.245556 87.690087 1
974.927264 137.712938 1

974.927264 137.712938 1
935.464501 164.269026 1

935.464501 164.269026 1
927.798677 166.730348 1

927.798677 166.730348 1
924.872156 179.815425 1

924.872156 179.815425 1
916.642064 208.994179 1

916.642064 208.994179 1
876.244537 202.453659 1

876.244537 202.453659 1
889.502095 213.029763 1

889.502095 213.029763 1
890.769985 230.818777 1

890.769985 230.818777 1
873.506749 229.722174 1

873.506749 229.722174 1
852.957481 264.597020 1

852.957481 264.597020 1
832.424709 242.320503 1

832.424709 242.320503 1
817.766523 244.166236 1

817.766523 244.166236 1
820.248292 291.776816 1

820.248292 291.776816 1
820.171815 303.266728 1

820.171815 303.266728 1
836.965918 312.309803 1

836.965918 312.309803 1
836.988954 324.617370 1

836.988954 324.617370 1
850.083880 321.692739 1

850.083880 321.692739 1
903.288746 320.918725 1

903.288746 320.918725 1
912.962350 336.932912 1

912.962350 336.932912 1
926.022349 355.718607 1

926.022349 355.718607 1
930.862661 352.571217 1

930.862661 352.571217 1
953.131601 342.181698 1

953.131601 342.181698 1
975.910306 332.621325 1

975.910306 332.621325 1
968.893453 312.112524 1

968.893453 312.112524 1
966.059503 269.561824 1

966.059503 269.561824 1
954.444407 266.904584 1

954.444407 266.904584 1
947.866800 213.156944 1

947.866800 213.156944 1
936.758009 182.870430 1

936.758009 182.870430 1
958.325873 169.156741 1

958.325873 169.156741 1
975.682752 153.888088 1

975.682752 153.888088 1
992.883564 154.035255 1

992.883564 154.035255 1
992.613934 172.209113 1

992.613934 172.209113 1
993.606844 188.559341 1

993.606844 188.559341 1
982.967784 225.061571 1

982.967784 225.061571 1
964.079339 233.421814 1

964.079339 233.421814 1
991.942036 252.967097 1

991.942036 252.967097 1
997.461409 345.399691 1

997.461409 345.399691 1
994.839849 388.723453 1

994.839849 388.723453 1
983.069338 378.207622 1

983.069338 378.207622 1
974.465014 379.724339 1

974.465014 379.724339 1
944.803814 382.242327 1

944.803814 382.242327 1
947.203900 399.945198 1

947.203900 399.945198 1
955.896838 409.549127 1

955.896838 409.549127 1
996.245265 436.378301 1

996.245265 436.378301 1
995.893052 458.218953 1

995.893052 458.218953 1
973.430570 444.177840 1

973.430570 444.177840 1
944.129409 465.394374 1

944.129409 465.394374 1
909.949802 432.754211 1

909.949802 432.754211 1
905.471350 434.134143 1

905.471350 434.134143 1
892.685555 413.236251 1

892.685555 413.236251 1
861.288127 406.672161 1

861.288127 406.672161 1
870.661106 380.352888 1

870.661106 380.352888 1
857.251300 378.129101 1

857.251300 378.129101 1
839.412797 356.389612 1

839.412797 356.389612 1
833.487168 349.165605 1

833.487168 349.165605 1
812.528679 348.315956 1

812.528679 348.315956 1
786.863745 357.339492 1

786.863745 357.339492 1
774.855816 352.890894 1

774.855816 352.890894 1
750.808931 332.503958 1

750.808931 332.503958 1
789.546048 315.880058 1

789.546048 315.880058 1
779.045302 292.423029 1

779.045302 292.423029 1
789.729845 275.133648 1

789.729845 275.133648 1
799.251821 241.365682 1

799.251821 241.365682 1
827.278121 201.785246 1

827.278121 201.785246 1
799.616736 198.452023 1

799.616736 198.452023 1
793.316007 212.879551 1

793.316007 212.879551 1
782.128504 206.042751 1

782.128504 206.042751 1
759.130382 245.284465 1

759.130382 245.284465 1
746.974445 257.102972 1

746.974445 257.102972 1
734.886587 281.437446 1

734.886587 281.437446 1
742.483207 293.992292 1

742.483207 293.992292 1
742.979158 338.237228 1

742.979158 338.237228 1
726.387483 388.033151 1

726.387483 388.033151 1
741.973699 417.979083 1

741.973699 417.979083 1
743.107128 435.769700 1

743.107128 435.769700 1
729.201409 430.768964 1

729.201409 430.768964 1
709.466645 438.247785 1

709.466645 438.247785 1
696.582815 424.747518 1

696.582815 424.747518 1
682.511076 434.436960 1

682.511076 434.436960 1
692.595973 461.295887 1

692.595973 461.295887 1
717.913012 464.386387 1

717.913012 464.386387 1
727.446460 460.582233 1

727.446460 460.582233 1
711.311856 483.845562 1

711.311856 483.845562 1
694.505431 519.899687 1

694.505431 519.899687 1
767.416092 493.197492 1

767.416092 493.197492 1
776.140794 465.689023 1

776.140794 465.689023 1
788.402150 407.249713 1

788.402150 407.249713 1
810.138862 402.934150 1

810.138862 402.934150 1
817.380227 394.398858 1

817.380227 394.398858 1
848.332869 421.130500 1

848.332869 421.130500 1
858.496965 427.673254 1

858.496965 427.673254 1
847.172147 450.586090 1

847.172147 450.586090 1
836.557609 459.184299 1

836.557609 459.184299 1
866.934043 463.208492 1

866.934043 463.208492 1
864.706559 481.433301 1

864.706559 481.433301 1
850.136280 511.646040 1

850.136280 511.646040 1
847.494472 513.228265 1

847.494472 513.228265 1
834.409802 516.163504 1

834.409802 516.163504 1
824.142786 503.026060 1

824.142786 503.026060 1
819.233551 511.859475 1

819.233551 511.859475 1
807.758439 517.410713 1

807.758439 517.410713 1
793.955674 544.086944 1

793.955674 544.086944 1
783.783984 556.180765 1

783.783984 556.180765 1
775.031103 551.707750 1

775.031103 551.707750 1
731.925259 537.759901 1

731.925259 537.759901 1
736.071132 588.192255 1

736.071132 588.192255 1
736.083568 595.970282 1

736.083568 595.970282 1
710.025623 578.096903 1

710.025623 578.096903 1
635.124024 545.061106 1

635.124024 545.061106 1
645.207374 562.464939 1

645.207374 562.464939 1
661.328189 576.341377 1

661.328189 576.341377 1
657.163257 585.211110 1

657.163257 585.211110 1
655.252384 594.070313 1

655.252384 594.070313 1
651.509227 627.033485 1

651.509227 627.033485 1
685.676234 635.320135 1

685.676234 635.320135 1
697.072903 638.766380 1

697.072903 638.766380 1
714.006082 692.038074 1

714.006082 692.038074 1
690.225716 695.962587 1

690.225716 695.962587 1
692.538084 744.653535 1

692.538084 744.653535 1
721.566416 753.353286 1

721.566416 753.353286 1
722.455596 741.706403 1

722.455596 741.706403 1
729.043055 738.741003 1

729.043055 738.741003 1
757.134968 721.560829 1

757.134968 721.560829 1
751.689274 707.570892 1

751.689274 707.570892 1
767.666681 666.625036 1

767.666681 666.625036 1
750.365191 645.128629 1

750.365191 645.128629 1
760.419188 650.292806 1

760.419188 650.292806 1
763.690175 648.992052 1

763.690175 648.992052 1
779.510993 643.179886 1

779.510993 643.179886 1
794.519720 654.866918 1

794.519720 654.866918 1
794.352960 669.760975 1

794.352960 669.760975 1
811.694810 683.846021 1

811.694810 683.846021 1
830.620031 692.485034 1

830.620031 692.485034 1
841.505523 660.850766 1

841.505523 660.850766 1
861.811362 656.841732 1

861.811362 656.841732 1
865.790336 643.416631 1

865.790336 643.416631 1
857.433691 645.280098 1

857.433691 645.280098 1
842.057669 643.765277 1

842.057669 643.765277 1
823.324986 635.903554 1

823.324986 635.903554 1
798.353458 617.789709 1

798.353458 617.789709 1
802.781947 591.270783 1

802.781947 591.270783 1
800.299187 588.433141 1

800.299187 588.433141 1
798.522035 588.302197 1

798.522035 588.302197 1
797.653365 585.959540 1

797.653365 585.959540 1
816.122588 554.434291 1

816.122588 554.434291 1
839.948627 542.840584 1

839.948627 542.840584 1
864.766650 555.765605 1

864.766650 555.765605 1
859.480042 566.969895 1

859.480042 566.969895 1
863.962103 570.518889 1

863.962103 570.518889 1
871.513889 579.314956 1

871.513889 579.314956 1
885.538363 582.181691 1

885.538363 582.181691 1
880.701791 528.812348 1

880.701791 528.812348 1
880.157498 518.095693 1

880.157498 518.095693 1
865.773568 505.653999 1

865.773568 505.653999 1
870.887673 504.314371 1

870.887673 504.314371 1
897.467681 514.571282 1

897.467681 514.571282 1
924.785498 522.753674 1

924.785498 522.753674 1
925.030102 523.914659 1

925.030102 523.914659 1
952.438110 519.858481 1

952.438110 519.858481 1
973.991946 516.918869 1

973.991946 516.918869 1
970.876983 550.397853 1

970.876983 550.397853 1
985.506954 564.457584 1

985.506954 564.457584 1
972.279001 602.960543 1

972.279001 602.960543 1
957.854849 601.199464 1

957.854849 601.199464 1
938.525859 593.818213 1

938.525859 593.818213 1
907.748626 581.439513 1

907.748626 581.439513 1
904.501727 601.761934 1

904.501727 601.761934 1
889.750430 597.263939 1

889.750430 597.263939 1
886.478148 599.338004 1

886.478148 599.338004 1
873.863112 590.409290 1

873.863112 590.409290 1
881.044375 646.722006 1

881.044375 646.722006 1
875.913680 670.396038 1

875.913680 670.396038 1
875.323099 701.930191 1

875.323099 701.930191 1
905.022934 731.935236 1

905.022934 731.935236 1
921.379593 712.396756 1

921.379593 712.396756 1
924.587601 695.314133 1

924.587601 695.314133 1
928.158161 660.347424 1

928.158161 660.347424 1
995.264735 634.045470 1

995.264735 634.045470 1
992.037590 696.545553 1

992.037590 696.545553 1
995.780190 700.369578 1

995.780190 700.369578 1
980.215825 702.057703 1

980.215825 702.057703 1
983.093361 757.937202 1

983.093361 757.937202 1
958.890402 746.091349 1

958.890402 746.091349 1
927.243581 743.094221 1

927.243581 743.094221 1
873.135107 753.788257 1

873.135107 753.788257 1
863.254436 746.062924 1

863.254436 746.062924 1
826.794806 730.327406 1

826.794806 730.327406 1
800.197685 746.504728 1

800.197685 746.504728 1
778.380637 748.664687 1

778.380637 748.664687 1
792.978301 763.119123 1

792.978301 763.119123 1
785.401940 767.041922 1

785.401940 767.041922 1
779.940191 769.784619 1

779.940191 769.784619 1
800.744153 805.421933 1

800.744153 805.421933 1
811.103724 817.740422 1

811.103724 817.740422 1
832.817467 793.331766 1

832.817467 793.331766 1
853.453343 821.795443 1

853.453343 821.795443 1
869.579531 824.999710 1

869.579531 824.999710 1
882.411469 788.208508 1

882.411469 788.208508 1
895.081294 780.927712 1

895.081294 780.927712 1
889.014190 835.546727 1

889.014190 835.546727 1
905.473280 845.398932 1

905.473280 845.398932 1
936.727838 807.706370 1

936.727838 807.706370 1
963.497644 796.386044 1

963.497644 796.386044 1
982.928612 771.023175 1

982.928612 771.023175 1
980.330320 783.118170 1

980.330320 783.118170 1
979.926542 835.304491 1

979.926542 835.304491 1
950.495989 833.496497 1

950.495989 833.496497 1
933.786613 848.391717 1

933.786613 848.391717 1
934.142587 866.047361 1

934.142587 866.047361 1
927.708971 871.218373 1

927.708971 871.218373 1
942.565158 875.579863 1

942.565158 875.579863 1
966.548517 888.378060 1

966.548517 888.378060 1
970.288158 889.848792 1

970.288158 889.848792 1
979.342805 903.609117 1

979.342805 903.609117 1
976.234089 908.759071 1

976.234089 908.759071 1
936.939348 907.404709 1

936.939348 907.404709 1
919.979695 915.912966 1

919.979695 915.912966 1
919.208789 953.020925 1

919.208789 953.020925 1
927.563409 979.022493 1

927.563409 979.022493 1
955.545597 959.340136 1

955.545597 959.340136 1
961.781038 945.559388 1

961.781038 945.559388 1
996.954557 995.274853 1

996.954557 995.274853 1
958.356889 999.647220 1

958.356889 999.647220 1
896.291757 993.441842 1

896.291757 993.441842 1
891.336080 949.053868 1

891.336080 949.053868 1
869.461874 953.391493 1

869.461874 953.391493 1
827.870624 992.734848 1

827.870624 992.734848 1
792.511067 977.195937 1

792.511067 977.195937 1
765.807468 974.282636 1

765.807468 974.282636 1
740.880953 979.957424 1

740.880953 979.957424 1
719.224396 989.051471 1

719.224396 989.051471 1
697.080796 971.767464 1

697.080796 971.767464 1
675.158486 963.377193 1

675.158486 963.377193 1
644.328204 998.460360 1

644.328204 998.460360 1
608.315162 984.339447 1

608.315162 984.339447 1
595.378583 988.547401 1

595.378583 988.547401 1
602.516963 969.098966 1

602.516963 969.098966 1
605.006251 946.328032 1

605.006251 946.328032 1
612.798768 929.796503 1

612.798768 929.796503 1
615.410018 927.314119 1

615.410018 927.314119 1
624.244076 899.087671 1

624.244076 899.087671 1
581.462941 882.977713 1

581.462941 882.977713 1
541.662110 908.350838 1

541.662110 908.350838 1
516.826417 923.791418 1

516.826417 923.791418 1
503.737872 930.743892 1

503.737872 930.743892 1
531.620421 947.521718 1

531.620421 947.521718 1
544.730814 969.425048 1

544.730814 969.425048 1
520.492290 970.429775 1

520.492290 970.429775 1
511.928289 964.205719 1

511.928289 964.205719 1
491.046238 984.558251 1

491.046238 984.558251 1
474.218548 964.049754 1

474.218548 964.049754 1
457.976436 973.716700 1

457.976436 973.716700 1
451.577061 960.021593 1

451.577061 960.021593 1
452.116798 943.863384 1

452.116798 943.863384 1
434.363907 919.917552 1

434.363907 919.917552 1
428.249797 915.982963 1

428.249797 915.982963 1
434.695961 961.111954 1

434.695961 961.111954 1
438.910295 987.261004 1

438.910295 987.261004 1
428.006887 980.145723 1

428.006887 980.145723 1
378.595022 979.692678 1

378.595022 979.692678 1
363.852633 948.799944 1

363.852633 948.799944 1
362.918187 950.670167 1

362.918187 950.670167 1
355.989285 957.393626 1

355.989285 957.393626 1
342.033206 995.329465 1

342.033206 995.329465 1
339.811007 983.830880 1

339.811007 983.830880 1
320.165003 969.447460 1

320.165003 969.447460 1
318.608127 970.926783 1

318.608127 970.926783 1
307.976726 987.139978 1

307.976726 987.139978 1
286.087798 965.868381 1

286.087798 965.868381 1
263.134814 946.783533 1

263.134814 946.783533 1
267.526628 984.019409 1

267.526628 984.019409 1
264.011458 992.341051 1

264.011458 992.341051 1
196.044036 994.726433 1

196.044036 994.726433 1
204.448477 986.652246 1

204.448477 986.652246 1
235.500024 967.475506 1

235.500024 967.475506 1
230.509940 938.910006 1

230.509940 938.910006 1
248.038206 931.189184 1

248.038206 931.189184 1
246.178348 920.463058 1

246.178348 920.463058 1
289.737620 903.862857 1

289.737620 903.862857 1
290.363765 915.474692 1

290.363765 915.474692 1
311.532959 933.593693 1

311.532959 933.593693 1
333.674809 938.630695 1

333.674809 938.630695 1
334.952724 939.884503 1

334.952724 939.884503 1
328.997967 910.502449 1

328.997967 910.502449 1
399.608095 895.105259 1

399.608095 895.105259 1
402.950729 872.233413 1

402.950729 872.233413 1
411.259924 867.834365 1

411.259924 867.834365 1
430.563373 866.677500 1

430.563373 866.677500 1
453.160415 874.714015 1

453.160415 874.714015 1
457.431731 875.808996 1

457.431731 875.808996 1
471.229037 889.002888 1

471.229037 889.002888 1
452.940423 904.656051 1

452.940423 904.656051 1
478.959640 924.461274 1

478.959640 924.461274 1
509.178405 910.369672 1

509.178405 910.369672 1
543.719264 823.548216 1

543.719264 823.548216 1
548.314610 804.555214 1

548.314610 804.555214 1
560.676876 794.049475 1

560.676876 794.049475 1
614.856285 783.495817 1

614.856285 783.495817 1
590.059137 801.215721 1

590.059137 801.215721 1
579.394734 839.428564 1

579.394734 839.428564 1
622.799613 851.724183 1

622.799613 851.724183 1
643.136261 862.758630 1

643.136261 862.758630 1
663.311758 868.772667 1

663.311758 868.772667 1
663.845333 888.597201 1

663.845333 888.597201 1
666.440355 915.108093 1

666.440355 915.108093 1
697.115762 905.411732 1

697.115762 905.411732 1
682.859213 901.733259 1

682.859213 901.733259 1
677.461106 889.063799 1

677.461106 889.063799 1
695.313086 874.529469 1

695.313086 874.529469 1
713.337440 888.369363 1

713.337440 888.369363 1
720.311464 888.496724 1

720.311464 888.496724 1
725.411696 922.437218 1

725.411696 922.437218 1
727.055000 929.013489 1

727.055000 929.013489 1
724.325336 952.070554 1

724.325336 952.070554 1
757.579325 933.688244 1

757.579325 933.688244 1
784.603096 925.906068 1

784.603096 925.906068 1
797.255794 930.563448 1

797.255794 930.563448 1
833.011167 912.971960 1

833.011167 912.971960 1
856.065009 897.040357 1

856.065009 897.040357 1
852.295596 856.123322 1

852.295596 856.123322 1
835.359999 849.825940 1

