101.979144 277.292933 0
103.014872 274.854779 0

103.014872 274.854779 1
41.240198 242.839566 1

41.240198 242.839566 1
24.637684 249.952468 1

24.637684 249.952468 1
28.254645 261.076368 1

28.254645 261.076368 1
28.686460 284.380711 1

28.686460 284.380711 1
4.390011 298.423984 1

4.390011 298.423984 1
4.537104 299.331125 1

4.537104 299.331125 1
6.157298 302.133946 1

6.157298 302.133946 1
5.001467 315.899156 1

5.001467 315.899156 1
25.553810 345.653757 1

25.553810 345.653757 1
43.492999 341.769080 1

43.492999 341.769080 1
19.191158 366.804340 1

19.191158 366.804340 1
2.668506 370.495265 1

2.668506 370.495265 1
2.417752 385.394215 1

2.417752 385.394215 1
8.696986 412.909480 1

8.696986 412.909480 1
17.806636 413.588050 1

17.806636 413.588050 1
14.157225 438.422407 1

14.157225 438.422407 1
35.911567 455.321110 1

35.911567 455.321110 1
38.642038 452.094807 1

38.642038 452.094807 1
48.172053 458.073116 1

48.172053 458.073116 1
40.336459 468.541375 1

40.336459 468.541375 1
54.270706 411.860359 1

54.270706 411.860359 1
86.145521 400.131998 1

86.145521 400.131998 1
90.137621 393.157794 1

90.137621 393.157794 1
112.309658 404.956483 1

112.309658 404.956483 1
117.830176 400.095419 1

117.830176 400.095419 1
146.505281 409.221031 1

146.505281 409.221031 1
147.910622 407.970597 1

147.910622 407.970597 1
163.737614 414.155856 1

163.737614 414.155856 1
144.257543 426.832366 1

144.257543 426.832366 1
127.174623 441.573130 1

127.174623 441.573130 1
154.548969 389.678369 1

154.548969 389.678369 1
145.035601 382.846247 1

145.035601 382.846247 1
174.062856 358.577739 1

174.062856 358.577739 1
177.819269 360.161860 1

177.819269 360.161860 1
192.625429 351.182602 1

192.625429 351.182602 1
198.546913 371.978379 1

198.546913 371.978379 1
232.108503 327.168712 1

232.108503 327.168712 1
265.471182 364.253691 1

265.471182 364.253691 1
272.435342 375.021359 1

272.435342 375.021359 1
252.246227 433.441282 1

252.246227 433.441282 1
224.154951 440.602253 1

224.154951 440.602253 1
199.391814 445.307156 1

199.391814 445.307156 1
216.798179 470.219374 1

216.798179 470.219374 1
233.161577 500.836717 1

233.161577 500.836717 1
251.409372 488.446622 1

251.409372 488.446622 1
269.818520 501.871479 1

269.818520 501.871479 1
322.014882 472.296125 1

322.014882 472.296125 1
353.070259 459.801847 1

353.070259 459.801847 1
356.128971 461.258645 1

356.128971 461.258645 1
355.173608 434.125847 1

355.173608 434.125847 1
395.313551 412.424875 1

395.313551 412.424875 1
434.803598 420.938647 1

434.803598 420.938647 1
497.841828 379.421185 1

497.841828 379.421185 1
430.380924 284.262531 1

430.380924 284.262531 1
437.306260 261.887506 1

437.306260 261.887506 1
406.279763 260.490380 1

406.279763 260.490380 1
398.139103 272.322482 1

398.139103 272.322482 1
387.143264 238.830763 1

387.143264 238.830763 1
426.707224 224.043287 1

426.707224 224.043287 1
446.992924 210.794256 1

446.992924 210.794256 1
455.664084 227.290511 1

455.664084 227.290511 1
398.982397 134.638820 1

398.982397 134.638820 1
463.783711 118.279585 1

463.783711 118.279585 1
480.440059 105.222663 1

480.440059 105.222663 1
453.415700 95.347706 1

453.415700 95.347706 1
479.853015 18.622625 1

479.853015 18.622625 1
494.452511 10.890855 1

494.452511 10.890855 1
239.362184 0.999842 1

239.362184 0.999842 1
90.001222 25.352500 1

90.001222 25.352500 1
82.233214 17.689106 1

82.233214 17.689106 1
54.639378 4.044887 1

54.639378 4.044887 1
54.198991 0.202218 1

54.198991 0.202218 1
3.217808 213.796627 1

3.217808 213.796627 1
11.620391 242.151009 1

11.620391 242.151009 1
4.942516 262.901841 1

4.942516 262.901841 1
105.784226 370.523435 1

105.784226 370.523435 1
198.586646 525.561577 1

198.586646 525.561577 1
299.576545 778.979647 1

299.576545 778.979647 1
732.953685 688.728504 1

732.953685 688.728504 1
743.296143 697.399392 1

743.296143 697.399392 1
752.631383 677.994883 1

752.631383 677.994883 1
739.023034 676.068934 1

739.023034 676.068934 1
725.434308 660.301376 1

725.434308 660.301376 1
717.248237 673.945848 1

717.248237 673.945848 1
697.894789 667.213966 1

697.894789 667.213966 1
681.702208 684.928396 1

681.702208 684.928396 1
690.800010 700.105207 1

690.800010 700.105207 1
673.120438 701.134770 1

673.120438 701.134770 1
661.186617 693.982937 1

661.186617 693.982937 1
658.570412 681.528605 1

658.570412 681.528605 1
632.952695 696.105080 1

632.952695 696.105080 1
625.786462 693.129020 1

625.786462 693.129020 1
598.184912 695.380815 1

598.184912 695.380815 1
596.904904 675.371791 1

596.904904 675.371791 1
597.796016 658.143010 1

597.796016 658.143010 1
596.184423 652.357472 1

596.184423 652.357472 1
575.347904 665.155089 1

575.347904 665.155089 1
550.153949 650.528012 1

550.153949 650.528012 1
522.567455 622.724093 1

522.567455 622.724093 1
508.896528 617.582044 1

508.896528 617.582044 1
500.652824 608.013643 1

500.652824 608.013643 1
512.618799 587.425186 1

512.618799 587.425186 1
555.710256 551.668098 1

555.710256 551.668098 1
583.937305 534.617620 1

583.937305 534.617620 1
575.570844 514.100871 1

575.570844 514.100871 1
586.311773 497.114486 1

586.311773 497.114486 1
603.549258 495.900084 1

603.549258 495.900084 1
605.268089 488.535854 1

605.268089 488.535854 1
629.696502 493.458803 1

629.696502 493.458803 1
614.128409 525.835507 1

614.128409 525.835507 1
649.662474 567.305748 1

649.662474 567.305748 1
627.991168 599.320606 1

627.991168 599.320606 1
628.360456 609.030577 1

628.360456 609.030577 1
611.805844 612.646281 1

611.805844 612.646281 1
601.034434 610.960682 1

601.034434 610.960682 1
569.837981 602.736822 1

569.837981 602.736822 1
622.337624 650.962152 1

622.337624 650.962152 1
666.679155 636.889259 1

666.679155 636.889259 1
651.565875 608.554350 1

651.565875 608.554350 1
701.127532 610.744948 1

701.127532 610.744948 1
713.931159 626.359719 1

713.931159 626.359719 1
728.357555 611.834836 1

728.357555 611.834836 1
725.738584 605.896654 1

725.738584 605.896654 1
726.750624 587.775335 1

726.750624 587.775335 1
716.507098 574.645219 1

716.507098 574.645219 1
717.263561 565.017934 1

717.263561 565.017934 1
701.976084 589.197480 1

701.976084 589.197480 1
748.618843 593.345263 1

748.618843 593.345263 1
744.226570 617.134362 1

744.226570 617.134362 1
742.281644 616.728595 1

742.281644 616.728595 1
788.265002 627.565489 1

788.265002 627.565489 1
802.533014 623.901694 1

802.533014 623.901694 1
829.692433 613.564245 1

829.692433 613.564245 1
841.277194 609.083599 1

841.277194 609.083599 1
840.992900 591.267385 1

840.992900 591.267385 1
856.449879 620.868020 1

856.449879 620.868020 1
867.119216 635.186822 1

867.119216 635.186822 1
861.069480 642.625961 1

861.069480 642.625961 1
847.465464 652.667949 1

847.465464 652.667949 1
836.003463 656.306097 1

836.003463 656.306097 1
837.134628 645.571489 1

837.134628 645.571489 1
823.286648 657.613638 1

823.286648 657.613638 1
861.794439 664.617953 1

861.794439 664.617953 1
871.256841 657.936514 1

871.256841 657.936514 1
875.381120 679.944552 1

875.381120 679.944552 1
880.922139 683.833778 1

880.922139 683.833778 1
877.657050 701.507964 1

877.657050 701.507964 1
884.523809 709.862866 1

884.523809 709.862866 1
903.291712 709.039681 1

903.291712 709.039681 1
902.048478 726.288117 1

902.048478 726.288117 1
923.708588 737.181409 1

923.708588 737.181409 1
940.013499 730.137200 1

940.013499 730.137200 1
945.454318 716.510561 1

945.454318 716.510561 1
962.612940 745.292478 1

962.612940 745.292478 1
988.753344 731.591607 1

988.753344 731.591607 1
994.397437 724.463197 1

994.397437 724.463197 1
984.815984 712.215884 1

984.815984 712.215884 1
978.786480 698.918186 1

978.786480 698.918186 1
966.563070 666.103752 1

966.563070 666.103752 1
967.703297 664.373160 1

967.703297 664.373160 1
981.454088 634.293257 1

981.454088 634.293257 1
996.581338 635.865124 1

996.581338 635.865124 1
998.662785 638.822743 1

998.662785 638.822743 1
991.991308 621.822382 1

991.991308 621.822382 1
986.728199 596.566507 1

986.728199 596.566507 1
971.557764 579.919305 1

971.557764 579.919305 1
952.872953 578.682712 1

952.872953 578.682712 1
922.661701 587.010644 1

922.661701 587.010644 1
913.036401 579.972445 1

913.036401 579.972445 1
903.054038 580.853251 1

903.054038 580.853251 1
900.370188 544.837733 1

900.370188 544.837733 1
911.752241 537.420820 1

911.752241 537.420820 1
928.561311 543.749289 1

928.561311 543.749289 1
956.637476 525.841712 1

956.637476 525.841712 1
954.032629 511.847527 1

954.032629 511.847527 1
948.988683 500.434822 1

948.988683 500.434822 1
945.938179 497.232692 1

945.938179 497.232692 1
968.208964 512.091944 1

968.208964 512.091944 1
973.753605 481.776500 1

973.753605 481.776500 1
992.746796 483.027185 1

992.746796 483.027185 1
999.895599 476.944750 1

999.895599 476.944750 1
997.379349 459.598022 1

997.379349 459.598022 1
985.489557 448.031781 1

985.489557 448.031781 1
962.468948 459.707773 1

962.468948 459.707773 1
950.686795 448.502999 1

950.686795 448.502999 1
912.555525 450.222273 1

912.555525 450.222273 1
901.551926 447.595364 1

901.551926 447.595364 1
900.362995 459.952293 1

900.362995 459.952293 1
908.379197 435.404211 1

908.379197 435.404211 1
872.001308 418.833513 1

872.001308 418.833513 1
878.533630 406.156891 1

878.533630 406.156891 1
895.860166 393.955553 1

895.860166 393.955553 1
879.883982 343.735612 1

879.883982 343.735612 1
863.184607 323.325585 1

863.184607 323.325585 1
876.711071 313.164896 1

876.711071 313.164896 1
875.062868 279.729544 1

875.062868 279.729544 1
875.623690 260.241403 1

875.623690 260.241403 1
897.931928 244.709194 1

897.931928 244.709194 1
923.837381 253.298374 1

923.837381 253.298374 1
930.039836 277.211961 1

930.039836 277.211961 1
930.448611 280.909761 1

930.448611 280.909761 1
926.534933 284.427608 1

926.534933 284.427608 1
949.376137 306.700721 1

949.376137 306.700721 1
962.814569 310.142993 1

962.814569 310.142993 1
972.796834 301.451104 1

972.796834 301.451104 1
961.756194 293.699252 1

961.756194 293.699252 1
962.520583 282.607447 1

962.520583 282.607447 1
938.007540 327.431621 1

938.007540 327.431621 1
929.481364 336.512486 1

929.481364 336.512486 1
920.783537 317.599299 1

920.783537 317.599299 1
985.546684 334.040798 1

985.546684 334.040798 1
994.850523 406.638385 1

994.850523 406.638385 1
987.747309 408.522171 1

987.747309 408.522171 1
989.495861 540.567713 1

989.495861 540.567713 1
988.537094 544.035226 1

988.537094 544.035226 1
979.788007 558.004789 1

979.788007 558.004789 1
992.876852 572.382981 1

992.876852 572.382981 1
922.720059 652.350348 1

922.720059 652.350348 1
913.293290 657.825182 1

913.293290 657.825182 1
935.785459 679.837055 1

935.785459 679.837055 1
901.664926 690.686599 1

901.664926 690.686599 1
872.414243 745.348697 1

872.414243 745.348697 1
863.549423 750.197711 1

863.549423 750.197711 1
846.462768 770.577193 1

846.462768 770.577193 1
852.911796 776.974745 1

852.911796 776.974745 1
835.096900 754.049587 1

835.096900 754.049587 1
825.024104 758.674628 1

825.024104 758.674628 1
832.504168 729.773208 1

832.504168 729.773208 1
818.338482 717.678998 1

818.338482 717.678998 1
838.743723 696.545283 1

838.743723 696.545283 1
776.733782 686.577276 1

776.733782 686.577276 1
766.170514 717.861709 1

766.170514 717.861709 1
734.502129 724.254086 1

734.502129 724.254086 1
716.016366 730.574923 1

716.016366 730.574923 1
703.755421 733.500798 1

703.755421 733.500798 1
712.029497 763.025717 1

712.029497 763.025717 1
698.558385 780.790644 1

698.558385 780.790644 1
706.791290 792.455769 1

706.791290 792.455769 1
720.879722 789.285970 1

720.879722 789.285970 1
721.172370 798.612753 1

721.172370 798.612753 1
744.000976 806.668144 1

744.000976 806.668144 1
734.949743 840.278209 1

734.949743 840.278209 1
767.263632 861.717424 1

767.263632 861.717424 1
760.709840 883.316184 1

760.709840 883.316184 1
754.481905 914.144487 1

754.481905 914.144487 1
743.239271 925.726053 1

743.239271 925.726053 1
715.208775 916.766842 1

715.208775 916.766842 1
711.515767 906.060717 1

711.515767 906.060717 1
714.082389 902.654505 1

714.082389 902.654505 1
708.755011 893.614736 1

708.755011 893.614736 1
705.040974 867.001371 1

705.040974 867.001371 1
696.167371 844.091031 1

696.167371 844.091031 1
668.040923 780.664518 1

668.040923 780.664518 1
662.514505 751.778506 1

662.514505 751.778506 1
636.674451 798.406097 1

636.674451 798.406097 1
624.733641 804.260148 1

624.733641 804.260148 1
609.671317 813.512103 1

609.671317 813.512103 1
597.463208 786.103636 1

597.463208 786.103636 1
580.586102 800.062818 1

580.586102 800.062818 1
566.399585 828.842839 1

566.399585 828.842839 1
567.645809 841.496624 1

567.645809 841.496624 1
568.960244 847.628445 1

568.960244 847.628445 1
563.655543 849.631230 1

563.655543 849.631230 1
545.473436 853.335660 1

545.473436 853.335660 1
533.017014 847.859701 1

533.017014 847.859701 1
527.717755 852.070446 1

527.717755 852.070446 1
525.685496 828.641558 1

525.685496 828.641558 1
483.953035 842.612589 1

483.953035 842.612589 1
465.217907 830.981700 1

465.217907 830.981700 1
449.179037 841.279104 1

449.179037 841.279104 1
441.405399 836.392906 1

441.405399 836.392906 1
455.994088 810.416836 1

455.994088 810.416836 1
453.331460 800.141448 1

453.331460 800.141448 1
433.254713 795.435192 1

433.254713 795.435192 1
445.605357 772.203900 1

445.605357 772.203900 1
460.510980 766.158567 1

460.510980 766.158567 1
476.031948 757.234161 1

476.031948 757.234161 1
478.988474 753.942020 1

478.988474 753.942020 1
474.672630 780.600810 1

474.672630 780.600810 1
528.624982 774.627975 1

528.624982 774.627975 1
563.223495 769.227816 1

563.223495 769.227816 1
589.116113 741.342596 1

589.116113 741.342596 1
576.087257 731.392360 1

576.087257 731.392360 1
577.025739 709.482687 1

577.025739 709.482687 1
555.703663 708.926430 1

555.703663 708.926430 1
542.790096 720.891979 1

542.790096 720.891979 1
510.396073 723.844361 1

510.396073 723.844361 1
495.621804 705.081484 1

495.621804 705.081484 1
489.783837 692.702169 1

489.783837 692.702169 1
489.894585 690.439095 1

489.894585 690.439095 1
475.460705 688.752216 1

475.460705 688.752216 1
474.766846 685.657281 1

474.766846 685.657281 1
461.956666 703.581717 1

461.956666 703.581717 1
466.979590 715.948104 1

466.979590 715.948104 1
448.346341 706.174556 1

448.346341 706.174556 1
429.110017 699.811431 1

429.110017 699.811431 1
425.425988 686.187731 1

425.425988 686.187731 1
428.274270 682.730771 1

428.274270 682.730771 1
426.437209 675.800896 1

426.437209 675.800896 1
414.802945 660.366632 1

414.802945 660.366632 1
408.470657 664.255794 1

408.470657 664.255794 1
407.746983 639.631112 1

407.746983 639.631112 1
386.791678 624.593043 1

386.791678 624.593043 1
410.735966 596.216897 1

410.735966 596.216897 1
408.522115 587.705067 1

408.522115 587.705067 1
412.182876 571.931269 1

412.182876 571.931269 1
431.336500 578.837609 1

431.336500 578.837609 1
433.125477 566.324048 1

433.125477 566.324048 1
456.859990 571.873759 1

456.859990 571.873759 1
452.406259 592.477392 1

452.406259 592.477392 1
445.857924 599.827184 1

445.857924 599.827184 1
462.585631 620.714196 1

462.585631 620.714196 1
455.649219 625.698183 1

455.649219 625.698183 1
446.392509 660.277698 1

446.392509 660.277698 1
489.812278 660.976589 1

489.812278 660.976589 1
514.739248 667.738463 1

514.739248 667.738463 1
410.111393 695.842559 1

410.111393 695.842559 1
387.371784 730.986577 1

387.371784 730.986577 1
406.545136 746.229533 1

406.545136 746.229533 1
394.929657 758.182848 1

394.929657 758.182848 1
425.229902 742.341288 1

425.229902 742.341288 1
378.359245 801.653370 1

378.359245 801.653370 1
365.789060 823.987947 1

365.789060 823.987947 1
355.913806 819.662836 1

355.913806 819.662836 1
336.029573 774.880523 1

336.029573 774.880523 1
331.524911 766.148620 1

331.524911 766.148620 1
318.678309 743.194296 1

318.678309 743.194296 1
287.474656 723.098289 1

287.474656 723.098289 1
298.505375 682.659501 1

298.505375 682.659501 1
310.803167 683.967208 1

310.803167 683.967208 1
317.751945 684.001113 1

317.751945 684.001113 1
323.001335 652.549216 1

323.001335 652.549216 1
348.156967 656.284925 1

348.156967 656.284925 1
353.481301 661.671694 1

353.481301 661.671694 1
359.761516 668.707650 1

359.761516 668.707650 1
362.544873 673.644247 1

362.544873 673.644247 1
297.674983 658.628175 1

297.674983 658.628175 1
275.576815 668.874923 1

275.576815 668.874923 1
273.987995 682.773201 1

273.987995 682.773201 1
268.080842 684.573615 1

268.080842 684.573615 1
253.830318 680.299725 1

253.830318 680.299725 1
254.878874 662.196601 1

254.878874 662.196601 1
219.722572 651.356967 1

219.722572 651.356967 1
201.511873 657.748249 1

201.511873 657.748249 1
182.862766 639.243469 1

182.862766 639.243469 1
194.655362 619.991831 1

194.655362 619.991831 1
185.396923 614.194759 1

185.396923 614.194759 1
168.084877 597.436182 1

168.084877 597.436182 1
165.505775 587.726567 1

165.505775 587.726567 1
160.292607 608.431248 1

160.292607 608.431248 1
141.976813 637.803182 1

141.976813 637.803182 1
146.880855 647.179103 1

146.880855 647.179103 1
147.502664 659.071335 1

147.502664 659.071335 1
130.353689 650.658351 1

130.353689 650.658351 1
129.265349 676.579600 1

129.265349 676.579600 1
149.004813 697.352548 1

149.004813 697.352548 1
146.198310 718.467091 1

146.198310 718.467091 1
133.632151 766.180461 1

133.632151 766.180461 1
101.592552 796.286723 1

101.592552 796.286723 1
105.673788 805.131808 1

105.673788 805.131808 1
113.881399 818.687098 1

113.881399 818.687098 1
80.929149 829.803450 1

80.929149 829.803450 1
82.254909 856.793064 1

82.254909 856.793064 1
108.095397 870.041089 1

108.095397 870.041089 1
92.797052 895.448222 1

92.797052 895.448222 1
71.281598 906.640254 1

71.281598 906.640254 1
44.362366 899.460169 1

44.362366 899.460169 1
37.387650 891.368881 1

37.387650 891.368881 1
42.103204 920.683114 1

42.103204 920.683114 1
47.758334 948.674710 1

47.758334 948.674710 1
52.374186 948.871092 1

52.374186 948.871092 1
80.639801 948.664708 1

80.639801 948.664708 1
89.158485 936.162355 1

89.158485 936.162355 1
109.751739 929.211453 1

109.751739 929.211453 1
132.351606 946.251748 1

132.351606 946.251748 1
146.953520 945.455731 1

146.953520 945.455731 1
161.873145 941.025541 1

161.873145 941.025541 1
179.305910 950.164370 1

179.305910 950.164370 1
165.524486 971.062391 1

165.524486 971.062391 1
161.325633 982.098858 1

161.325633 982.098858 1
226.093010 994.645091 1

226.093010 994.645091 1
220.126494 940.651710 1

220.126494 940.651710 1
228.651705 936.759992 1

228.651705 936.759992 1
261.462191 912.755226 1

261.462191 912.755226 1
256.742397 880.737445 1

256.742397 880.737445 1
231.060926 882.848437 1

231.060926 882.848437 1
235.674927 846.206158 1

235.674927 846.206158 1
239.639310 827.897077 1

239.639310 827.897077 1
242.531066 790.088048 1

242.531066 790.088048 1
240.830900 753.537638 1

240.830900 753.537638 1
220.367844 736.132692 1

220.367844 736.132692 1
192.461784 765.529751 1

192.461784 765.529751 1
157.381496 811.975656 1

157.381496 811.975656 1
145.790891 844.903104 1

145.790891 844.903104 1
150.994943 861.378133 1

150.994943 861.378133 1
167.945793 867.110260 1

167.945793 867.110260 1
171.703586 859.016896 1

171.703586 859.016896 1
185.191899 860.153243 1

185.191899 860.153243 1
181.254670 870.296339 1

181.254670 870.296339 1
175.731572 844.422860 1

175.731572 844.422860 1
197.298105 838.395339 1

197.298105 838.395339 1
164.515287 893.153095 1

164.515287 893.153095 1
182.197317 901.608066 1

182.197317 901.608066 1
139.966186 879.496598 1

139.966186 879.496598 1
49.393138 842.135533 1

49.393138 842.135533 1
45.438916 832.732587 1

45.438916 832.732587 1
40.655738 852.525643 1

40.655738 852.525643 1
10.759164 825.451743 1

10.759164 825.451743 1
2.454185 797.002036 1

2.454185 797.002036 1
12.714848 778.396391 1

12.714848 778.396391 1
12.692597 762.558732 1

12.692597 762.558732 1
37.168759 769.510687 1

37.168759 769.510687 1
65.550245 755.330315 1

65.550245 755.330315 1
79.740722 740.524719 1

79.740722 740.524719 1
95.847840 731.425008 1

95.847840 731.425008 1
92.396726 681.597807 1

92.396726 681.597807 1
104.981962 657.227700 1

104.981962 657.227700 1
95.408762 636.848304 1

95.408762 636.848304 1
52.867008 637.004842 1

52.867008 637.004842 1
37.186741 623.714557 1

37.186741 623.714557 1
72.260486 591.855229 1

72.260486 591.855229 1
59.569289 568.242558 1

59.569289 568.242558 1
81.340091 553.266617 1

81.340091 553.266617 1
47.058381 541.785257 1

47.058381 541.785257 1
47.870126 526.669913 1

47.870126 526.669913 1
48.721375 521.261581 1

48.721375 521.261581 1
43.570322 520.282621 1

43.570322 520.282621 1
28.524293 529.779295 1

28.524293 529.779295 1
59.995734 489.810298 1

59.995734 489.810298 1
68.841812 482.137289 1

68.841812 482.137289 1
74.862718 473.600283 1

74.862718 473.600283 1
83.893962 481.436044 1

83.893962 481.436044 1
91.622592 492.390021 1

91.622592 492.390021 1
96.321224 493.468403 1

96.321224 493.468403 1
148.892352 477.890437 1

148.892352 477.890437 1
161.907135 463.741208 1

161.907135 463.741208 1
177.674446 481.610182 1

177.674446 481.610182 1
162.037778 517.129900 1

162.037778 517.129900 1
146.320049 519.122194 1

146.320049 519.122194 1
145.902390 522.981055 1

145.902390 522.981055 1
147.361339 546.249253 1

147.361339 546.249253 1
151.273786 555.008264 1

151.273786 555.008264 1
158.557884 555.514702 1

158.557884 555.514702 1
122.667451 548.651826 1

122.667451 548.651826 1
113.795068 583.275173 1

113.795068 583.275173 1
204.380894 584.652214 1

204.380894 584.652214 1
213.560224 574.234715 1

213.560224 574.234715 1
224.665428 603.365272 1

224.665428 603.365272 1
241.688464 605.546581 1

241.688464 605.546581 1
251.280046 608.944075 1

251.280046 608.944075 1
251.528599 608.621006 1

251.528599 608.621006 1
270.761929 589.363147 1

270.761929 589.363147 1
255.152182 578.768215 1

255.152182 578.768215 1
281.649943 550.741680 1

281.649943 550.741680 1
271.823774 542.988796 1

271.823774 542.988796 1
277.264234 524.626661 1

277.264234 524.626661 1
293.732323 517.147571 1

293.732323 517.147571 1
317.339001 519.040112 1

317.339001 519.040112 1
320.640372 520.449805 1

320.640372 520.449805 1
320.647131 513.631279 1

320.647131 513.631279 1
329.558359 537.262936 1

329.558359 537.262936 1
299.761199 548.252318 1

299.761199 548.252318 1
299.473691 493.572381 1

299.473691 493.572381 1
301.807543 474.526814 1

301.807543 474.526814 1
288.113478 473.309274 1

288.113478 473.309274 1
279.261064 451.364476 1

279.261064 451.364476 1
282.061062 426.603198 1

282.061062 426.603198 1
277.055150 415.243386 1

277.055150 415.243386 1
303.935747 413.961114 1

303.935747 413.961114 1
293.186506 391.501489 1

293.186506 391.501489 1
290.127620 385.203942 1

290.127620 385.203942 1
299.369348 370.976484 1

299.369348 370.976484 1
305.977871 359.569329 1

305.977871 359.569329 1
293.304428 356.453764 1

293.304428 356.453764 1
295.757873 332.858266 1

295.757873 332.858266 1
308.924527 317.093810 1

308.924527 317.093810 1
330.004112 306.942591 1

330.004112 306.942591 1
333.162235 351.889740 1

333.162235 351.889740 1
357.481633 366.723646 1

357.481633 366.723646 1
358.644195 382.055869 1

358.644195 382.055869 1
364.188105 387.117617 1

364.188105 387.117617 1
393.050788 367.192771 1

393.050788 367.192771 1
411.224092 349.545613 1

411.224092 349.545613 1
417.097844 346.225669 1

417.097844 346.225669 1
401.658664 322.977372 1

401.658664 322.977372 1
441.440041 317.680019 1

441.440041 317.680019 1
462.709716 318.082091 1

462.709716 318.082091 1
486.489449 301.639366 1

486.489449 301.639366 1
477.562724 281.599344 1

477.562724 281.599344 1
484.464339 265.378279 1

484.464339 265.378279 1
478.981514 257.113078 1

478.981514 257.113078 1
502.503970 236.136184 1

502.503970 236.136184 1
525.837392 248.649045 1

525.837392 248.649045 1
529.521925 222.749302 1

529.521925 222.749302 1
541.701515 224.765248 1

541.701515 224.765248 1
544.265128 229.759059 1

544.265128 229.759059 1
534.607796 210.339123 1

534.607796 210.339123 1
537.333914 196.910570 1

537.333914 196.910570 1
547.289811 187.560247 1

547.289811 187.560247 1
520.350016 166.707184 1

520.350016 166.707184 1
509.139425 160.129070 1

509.139425 160.129070 1
510.995819 178.395178 1

510.995819 178.395178 1
482.738801 142.186803 1

482.738801 142.186803 1
484.840947 137.510915 1

484.840947 137.510915 1
496.102302 125.220461 1

496.102302 125.220461 1
500.993815 132.068845 1

500.993815 132.068845 1
520.832557 132.406151 1

520.832557 132.406151 1
519.228656 110.627409 1

519.228656 110.627409 1
536.208506 103.710656 1

536.208506 103.710656 1
567.345813 108.927655 1

567.345813 108.927655 1
569.702703 54.437160 1

569.702703 54.437160 1
611.408751 60.864174 1

611.408751 60.864174 1
624.684376 77.163211 1

624.684376 77.163211 1
636.574976 77.576221 1

636.574976 77.576221 1
662.092994 80.188498 1

662.092994 80.188498 1
660.633921 66.529118 1

660.633921 66.529118 1
683.507343 68.837263 1

683.507343 68.837263 1
703.520647 67.191860 1

703.520647 67.191860 1
680.242444 38.462139 1

680.242444 38.462139 1
708.653460 23.423951 1

708.653460 23.423951 1
727.688530 25.922257 1

727.688530 25.922257 1
746.874070 61.819749 1

746.874070 61.819749 1
761.555585 62.270034 1

761.555585 62.270034 1
771.852364 51.945398 1

771.852364 51.945398 1
780.573495 69.006383 1

780.573495 69.006383 1
794.223759 68.962413 1

794.223759 68.962413 1
809.426120 69.713056 1

809.426120 69.713056 1
808.401180 51.621200 1

808.401180 51.621200 1
784.910517 23.537837 1

784.910517 23.537837 1
774.696580 19.673237 1

774.696580 19.673237 1
809.457729 5.498562 1

809.457729 5.498562 1
796.779311 89.732428 1

796.779311 89.732428 1
799.757264 96.079889 1

799.757264 96.079889 1
776.389799 90.464159 1

776.389799 90.464159 1
753.914134 119.780646 1

753.914134 119.780646 1
783.081628 127.482208 1

783.081628 127.482208 1
794.717765 132.717133 1

794.717765 132.717133 1
802.387406 157.165528 1

802.387406 157.165528 1
806.825704 161.394690 1

806.825704 161.394690 1
793.384821 167.020890 1

793.384821 167.020890 1
778.167481 178.948081 1

778.167481 178.948081 1
771.995569 147.860915 1

771.995569 147.860915 1
748.587111 158.136309 1

748.587111 158.136309 1
739.124207 153.682870 1

739.124207 153.682870 1
746.029098 171.134381 1

746.029098 171.134381 1
705.332146 165.539265 1

705.332146 165.539265 1
693.342673 141.220661 1

693.342673 141.220661 1
648.901847 145.108591 1

648.901847 145.108591 1
623.915405 139.146351 1

623.915405 139.146351 1
609.315316 149.361269 1

609.315316 149.361269 1
599.941968 154.820310 1

599.941968 154.820310 1
597.066567 162.889461 1

597.066567 162.889461 1
581.180649 171.922240 1

581.180649 171.922240 1
579.647969 213.891053 1

579.647969 213.891053 1
593.088859 253.319346 1

593.088859 253.319346 1
589.943330 274.408699 1

589.943330 274.408699 1
565.423175 275.999273 1

565.423175 275.999273 1
527.701471 304.130856 1

527.701471 304.130856 1
527.527849 309.672712 1

527.527849 309.672712 1
533.094917 319.406132 1

533.094917 319.406132 1
525.107013 331.944943 1

525.107013 331.944943 1
507.526233 340.389324 1

507.526233 340.389324 1
496.326227 337.671360 1

496.326227 337.671360 1
485.516270 339.846379 1

485.516270 339.846379 1
502.746443 328.290307 1

502.746443 328.290307 1
482.931108 362.822591 1

482.931108 362.822591 1
462.376524 370.285914 1

462.376524 370.285914 1
450.224528 373.994052 1

450.224528 373.994052 1
460.470587 387.972645 1

460.470587 387.972645 1
463.231415 412.140525 1

463.231415 412.140525 1
490.734958 408.533892 1

490.734958 408.533892 1
495.831351 428.103143 1

495.831351 428.103143 1
497.956425 438.780654 1

497.956425 438.780654 1
507.964604 426.871156 1

507.964604 426.871156 1
510.883063 413.628318 1

510.883063 413.628318 1
524.558131 436.405231 1

524.558131 436.405231 1
543.564309 462.238447 1

543.564309 462.238447 1
523.084999 480.196856 1

523.084999 480.196856 1
527.341351 490.277572 1

527.341351 490.277572 1
517.614115 498.252181 1

517.614115 498.252181 1
505.159546 505.201031 1

505.159546 505.201031 1
495.976017 456.073251 1

495.976017 456.073251 1
448.653226 471.320214 1

448.653226 471.320214 1
438.543854 489.062545 1

438.543854 489.062545 1
437.406849 490.536207 1

437.406849 490.536207 1
419.248464 491.169770 1

419.248464 491.169770 1
408.015667 485.821986 1

408.015667 485.821986 1
399.860247 472.680339 1

399.860247 472.680339 1
380.963108 489.617930 1

380.963108 489.617930 1
356.873281 514.589614 1

356.873281 514.589614 1
350.697359 513.008467 1

350.697359 513.008467 1
365.465414 521.093213 1

365.465414 521.093213 1
409.892760 524.124768 1

409.892760 524.124768 1
375.403222 573.499855 1

375.403222 573.499855 1
317.660687 602.396154 1

317.660687 602.396154 1
305.520346 631.990130 1

305.520346 631.990130 1
288.902567 628.773741 1

288.902567 628.773741 1
191.729046 693.979620 1

191.729046 693.979620 1
171.396699 667.184235 1

171.396699 667.184235 1
60.610022 686.113642 1

60.610022 686.113642 1
50.174125 676.575834 1

50.174125 676.575834 1
32.105577 673.650620 1

32.105577 673.650620 1
44.418874 713.074978 1

44.418874 713.074978 1
36.997538 719.432921 1

36.997538 719.432921 1
18.873211 723.508771 1

18.873211 723.508771 1
2.247053 731.814105 1

2.247053 731.814105 1
64.861348 788.529835 1

64.861348 788.529835 1
59.103133 811.428694 1

59.103133 811.428694 1
13.612079 917.030171 1

13.612079 917.030171 1
21.948002 943.055691 1

21.948002 943.055691 1
19.588556 970.002480 1

19.588556 970.002480 1
13.762933 980.180787 1

13.762933 980.180787 1
34.091406 982.151788 1

34.091406 982.151788 1
37.490084 987.005893 1

37.490084 987.005893 1
80.656247 969.039094 1

80.656247 969.039094 1
83.737356 995.725254 1

83.737356 995.725254 1
294.424272 995.469281 1

294.424272 995.469281 1
296.678605 952.938488 1

296.678605 952.938488 1
305.145584 945.614009 1

305.145584 945.614009 1
346.256155 965.546601 1

346.256155 965.546601 1
376.782313 911.092996 1

376.782313 911.092996 1
372.232993 882.012174 1

372.232993 882.012174 1
343.337453 887.227707 1

343.337453 887.227707 1
425.363222 862.102235 1

425.363222 862.102235 1
447.510548 875.646915 1

447.510548 875.646915 1
430.210930 921.554801 1

430.210930 921.554801 1
415.773026 948.587403 1

415.773026 948.587403 1
407.169577 946.514002 1

407.169577 946.514002 1
417.347509 993.320042 1

417.347509 993.320042 1
466.748007 971.912445 1

466.748007 971.912445 1
466.342923 955.731785 1

466.342923 955.731785 1
483.010947 977.685463 1

483.010947 977.685463 1
502.116995 971.093619 1

502.116995 971.093619 1
525.249625 942.139777 1

525.249625 942.139777 1
524.583069 934.750331 1

524.583069 934.750331 1
539.907083 926.768845 1

539.907083 926.768845 1
528.565950 897.350191 1

528.565950 897.350191 1
536.293863 882.911617 1

536.293863 882.911617 1
500.371272 897.840141 1

500.371272 897.840141 1
576.212362 892.384371 1

576.212362 892.384371 1
589.558037 925.393077 1

589.558037 925.393077 1
581.156387 931.829413 1

581.156387 931.829413 1
574.819313 940.891415 1

574.819313 940.891415 1
590.706137 957.505647 1

590.706137 957.505647 1
597.212265 966.198511 1

597.212265 966.198511 1
597.419143 989.437233 1

597.419143 989.437233 1
619.517604 988.901871 1

619.517604 988.901871 1
634.497012 941.560694 1

634.497012 941.560694 1
632.348833 935.476659 1

632.348833 935.476659 1
631.892577 908.478681 1

631.892577 908.478681 1
618.876828 900.535783 1

618.876828 900.535783 1
618.424198 849.981663 1

618.424198 849.981663 1
673.441744 911.026085 1

673.441744 911.026085 1
674.352485 919.192627 1

674.352485 919.192627 1
677.263678 963.210333 1

677.263678 963.210333 1
670.921868 973.188162 1

670.921868 973.188162 1
669.999929 988.890724 1

669.999929 988.890724 1
712.860401 957.075787 1

712.860401 957.075787 1
717.850880 948.441912 1

717.850880 948.441912 1
712.535521 945.400628 1

712.535521 945.400628 1
711.837316 947.133487 1

711.837316 947.133487 1
746.174993 963.725924 1

746.174993 963.725924 1
774.746443 984.002191 1

774.746443 984.002191 1
789.864853 976.034039 1

789.864853 976.034039 1
790.231333 960.441697 1

790.231333 960.441697 1
847.969651 945.973515 1

847.969651 945.973515 1
873.077230 939.636284 1

873.077230 939.636284 1
884.000481 939.414686 1

884.000481 939.414686 1
903.850153 952.228572 1

903.850153 952.228572 1
914.678971 938.658188 1

914.678971 938.658188 1
943.406498 932.117156 1

943.406498 932.117156 1
959.565565 933.850584 1

959.565565 933.850584 1
965.951546 926.963913 1

965.951546 926.963913 1
962.435323 906.691901 1

962.435323 906.691901 1
951.522688 907.867860 1

951.522688 907.867860 1
964.947399 894.170674 1

964.947399 894.170674 1
987.425575 929.769597 1

987.425575 929.769597 1
983.500827 943.733879 1

983.500827 943.733879 1
972.667146 947.212439 1

972.667146 947.212439 1
967.151523 947.846471 1

967.151523 947.846471 1
962.878840 964.943461 1

962.878840 964.943461 1
995.099133 975.910025 1

995.099133 975.910025 1
881.126105 996.324014 1

881.126105 996.324014 1
863.100140 997.607754 1

863.100140 997.607754 1
855.357985 888.018059 1

855.357985 888.018059 1
836.228949 884.893799 1

836.228949 884.893799 1
854.065877 864.464745 1

854.065877 864.464745 1
836.625438 854.593271 1

836.625438 854.593271 1
860.507619 833.454307 1

860.507619 833.454307 1
864.729432 817.705978 1

864.729432 817.705978 1
848.628815 808.296779 1

848.628815 808.296779 1
842.393063 808.328332 1

842.393063 808.328332 1
830.639935 809.356275 1

830.639935 809.356275 1
820.604122 816.808620 1

820.604122 816.808620 1
838.375731 819.452945 1

838.375731 819.452945 1
804.990411 860.642295 1

804.990411 860.642295 1
802.433317 859.691514 1

802.433317 859.691514 1
780.482650 841.661312 1

780.482650 841.661312 1
781.433211 832.905229 1

781.433211 832.905229 1
784.605722 825.051371 1

784.605722 825.051371 1
898.715122 823.404225 1

898.715122 823.404225 1
917.938557 839.315708 1

917.938557 839.315708 1
934.146441 834.808731 1

934.146441 834.808731 1
946.818680 852.926820 1

946.818680 852.926820 1
914.578349 867.054176 1

914.578349 867.054176 1
904.497321 871.177175 1

904.497321 871.177175 1
976.093018 830.388198 1

976.093018 830.388198 1
984.087680 826.703452 1

984.087680 826.703452 1
951.822347 779.617353 1

951.822347 779.617353 1
906.713373 756.334999 1

906.713373 756.334999 1
787.913792 578.890806 1

787.913792 578.890806 1
776.091559 575.377367 1

776.091559 575.377367 1
786.221394 563.311642 1

786.221394 563.311642 1
781.519578 542.210845 1

781.519578 542.210845 1
786.870606 518.599972 1

786.870606 518.599972 1
794.611029 507.083554 1

794.611029 507.083554 1
790.760380 504.973476 1

790.760380 504.973476 1
783.247055 488.140325 1

783.247055 488.140325 1
785.226393 471.130353 1

785.226393 471.130353 1
761.961760 468.073348 1

761.961760 468.073348 1
760.499526 464.241242 1

760.499526 464.241242 1
762.333714 495.518306 1

762.333714 495.518306 1
745.391769 499.085308 1

745.391769 499.085308 1
733.932344 487.869099 1

733.932344 487.869099 1
727.125043 485.185027 1

727.125043 485.185027 1
714.913877 482.732575 1

714.913877 482.732575 1
723.493168 444.124970 1

723.493168 444.124970 1
726.226047 439.562969 1

726.226047 439.562969 1
735.201470 431.043114 1

735.201470 431.043114 1
754.025612 426.435960 1

754.025612 426.435960 1
761.755903 410.470224 1

761.755903 410.470224 1
782.577308 421.327695 1

782.577308 421.327695 1
827.844084 442.899013 1

827.844084 442.899013 1
845.208940 461.709874 1

845.208940 461.709874 1
868.747446 476.695799 1

868.747446 476.695799 1
852.039085 505.873644 1

852.039085 505.873644 1
862.814462 529.881828 1

862.814462 529.881828 1
860.691355 531.996844 1

860.691355 531.996844 1
856.002942 532.334754 1

856.002942 532.334754 1
850.829740 534.369305 1

850.829740 534.369305 1
868.720446 533.962095 1

868.720446 533.962095 1
889.963866 515.093355 1

889.963866 515.093355 1
827.724731 528.590758 1

827.724731 528.590758 1
824.227320 491.331844 1

824.227320 491.331844 1
832.837092 388.644124 1

832.837092 388.644124 1
832.424101 375.498878 1

832.424101 375.498878 1
801.482595 344.324437 1

801.482595 344.324437 1
771.744604 333.401430 1

771.744604 333.401430 1
763.858788 319.200215 1

763.858788 319.200215 1
756.528573 304.598443 1

756.528573 304.598443 1
781.653154 293.435899 1

781.653154 293.435899 1
808.819034 280.608281 1

808.819034 280.608281 1
815.102042 298.330332 1

815.102042 298.330332 1
832.889994 277.279977 1

832.889994 277.279977 1
850.078934 238.676281 1

850.078934 238.676281 1
843.535687 207.638829 1

843.535687 207.638829 1
852.192876 206.231968 1

852.192876 206.231968 1
828.433521 192.800972 1

828.433521 192.800972 1
815.749947 184.548520 1

815.749947 184.548520 1
812.841529 176.913698 1

812.841529 176.913698 1
808.580214 188.633138 1

808.580214 188.633138 1
803.209571 216.406386 1

803.209571 216.406386 1
810.128246 226.470499 1

810.128246 226.470499 1
767.552243 257.979098 1

767.552243 257.979098 1
744.532685 224.912894 1

744.532685 224.912894 1
726.917568 214.717747 1

726.917568 214.717747 1
728.139978 209.678563 1

728.139978 209.678563 1
715.300922 199.411164 1

715.300922 199.411164 1
703.994124 200.789569 1

703.994124 200.789569 1
675.838281 219.681672 1

675.838281 219.681672 1
690.254212 244.261327 1

690.254212 244.261327 1
696.495383 248.862312 1

696.495383 248.862312 1
702.897465 261.203348 1

702.897465 261.203348 1
674.034507 260.141803 1

674.034507 260.141803 1
658.194074 257.411548 1

658.194074 257.411548 1
641.282040 252.621163 1

641.282040 252.621163 1
633.533915 279.989456 1

633.533915 279.989456 1
649.146505 296.003364 1

649.146505 296.003364 1
659.007668 288.293903 1

659.007668 288.293903 1
668.798648 282.974517 1

668.798648 282.974517 1
671.956417 278.825830 1

671.956417 278.825830 1
671.725514 308.991298 1

671.725514 308.991298 1
675.682557 322.560307 1

675.682557 322.560307 1
672.871198 324.445459 1

672.871198 324.445459 1
652.304599 342.901862 1

652.304599 342.901862 1
644.921611 360.167618 1

644.921611 360.167618 1
654.505250 372.035046 1

654.505250 372.035046 1
655.394358 375.822063 1

655.394358 375.822063 1
613.335826 378.747706 1

613.335826 378.747706 1
607.127425 374.136327 1

607.127425 374.136327 1
614.544308 360.961997 1

614.544308 360.961997 1
613.253118 335.134313 1

613.253118 335.134313 1
619.734885 331.743420 1

619.734885 331.743420 1
628.833117 328.747641 1

628.833117 328.747641 1
597.673259 327.425133 1

597.673259 327.425133 1
595.459912 337.108544 1

595.459912 337.108544 1
591.390983 319.702606 1

591.390983 319.702606 1
575.167621 343.344385 1

575.167621 343.344385 1
567.035774 349.998288 1

567.035774 349.998288 1
563.871055 359.012420 1

563.871055 359.012420 1
571.598634 369.951903 1

571.598634 369.951903 1
578.302125 366.686102 1

578.302125 366.686102 1
594.706121 392.897883 1

594.706121 392.897883 1
543.758565 409.983958 1

543.758565 409.983958 1
542.424697 407.405912 1

542.424697 407.405912 1
570.907315 441.423797 1

570.907315 441.423797 1
580.501140 459.746368 1

580.501140 459.746368 1
636.952767 436.096952 1

636.952767 436.096952 1
638.905226 426.128294 1

638.905226 426.128294 1
674.257216 469.631437 1

674.257216 469.631437 1
680.809900 504.390592 1

680.809900 504.390592 1
670.310727 510.263456 1

670.310727 510.263456 1
679.428489 528.310185 1

679.428489 528.310185 1
698.300140 527.264280 1

698.300140 527.264280 1
719.431457 414.588093 1

719.431457 414.588093 1
696.099933 407.190997 1

696.099933 407.190997 1
699.051139 379.618426 1

699.051139 379.618426 1
704.490405 369.516751 1

704.490405 369.516751 1
744.883293 357.613960 1

744.883293 357.613960 1
711.957279 300.349053 1

711.957279 300.349053 1
627.424945 190.115152 1

627.424945 190.115152 1
627.100682 179.787369 1

627.100682 179.787369 1
631.580914 110.948396 1

631.580914 110.948396 1
665.338796 94.724844 1

665.338796 94.724844 1
735.470369 87.841547 1

735.470369 87.841547 1
823.841251 151.004468 1

823.841251 151.004468 1
839.340151 170.354106 1

839.340151 170.354106 1
859.855182 140.600138 1

859.855182 140.600138 1
846.569653 126.817312 1

846.569653 126.817312 1
843.361620 119.052773 1

843.361620 119.052773 1
895.175262 135.373196 1

895.175262 135.373196 1
898.833133 147.268978 1

898.833133 147.268978 1
930.830327 145.659640 1

930.830327 145.659640 1
930.067443 133.594491 1

930.067443 133.594491 1
958.871950 148.815083 1

958.871950 148.815083 1
960.479395 160.975637 1

960.479395 160.975637 1
940.248894 180.202046 1

940.248894 180.202046 1
940.908917 183.302245 1

940.908917 183.302245 1
929.953619 180.365637 1

929.953619 180.365637 1
909.934659 185.772205 1

909.934659 185.772205 1
969.151846 211.812176 1

969.151846 211.812176 1
974.586965 198.306869 1

974.586965 198.306869 1
999.499940 236.092935 1

999.499940 236.092935 1
989.190646 143.723617 1

989.190646 143.723617 1
992.720008 112.438626 1

992.720008 112.438626 1
983.601301 97.755035 1

983.601301 97.755035 1
981.094790 40.415375 1

981.094790 40.415375 1
949.985345 49.186380 1

949.985345 49.186380 1
925.351634 77.660348 1

925.351634 77.660348 1
904.460272 84.124663 1

904.460272 84.124663 1
892.780210 84.571123 1

892.780210 84.571123 1
904.986892 100.851943 1

904.986892 100.851943 1
901.873020 62.981545 1

901.873020 62.981545 1
896.772874 27.726864 1

896.772874 27.726864 1
901.038805 23.684392 1

901.038805 23.684392 1
905.319162 22.832664 1

905.319162 22.832664 1
900.348729 1.976498 1

900.348729 1.976498 1
969.444158 0.138076 1

969.444158 0.138076 1
972.977567 8.050974 1

972.977567 8.050974 1
616.469653 6.689516 1

616.469653 6.689516 1
530.938220 28.195719 1

530.938220 28.195719 1
515.308940 59.925015 1

515.308940 59.925015 1
508.525382 69.259215 1

508.525382 69.259215 1
471.171987 69.785903 1

471.171987 69.785903 1
462.832268 53.277513 1

462.832268 53.277513 1
473.044556 49.715078 1

473.044556 49.715078 1
458.512435 32.339707 1

458.512435 32.339707 1
449.763944 28.903688 1

449.763944 28.903688 1
439.693836 46.397316 1

439.693836 46.397316 1
426.438171 53.070492 1

426.438171 53.070492 1
419.799174 49.110475 1

419.799174 49.110475 1
425.301881 41.795500 1

425.301881 41.795500 1
402.489785 28.992361 1

402.489785 28.992361 1
401.329916 16.978448 1

401.329916 16.978448 1
386.776211 21.067163 1

386.776211 21.067163 1
372.587453 50.127218 1

372.587453 50.127218 1
383.491999 61.948898 1

383.491999 61.948898 1
398.797127 60.369240 1

398.797127 60.369240 1
393.799401 85.660685 1

393.799401 85.660685 1
385.600172 94.963898 1

385.600172 94.963898 1
372.167384 94.964498 1

372.167384 94.964498 1
366.362728 89.270442 1

366.362728 89.270442 1
359.071086 86.334261 1

359.071086 86.334261 1
391.558904 109.547163 1

391.558904 109.547163 1
406.579788 97.049994 1

406.579788 97.049994 1
425.147644 96.777443 1

425.147644 96.777443 1
430.159022 90.056100 1

430.159022 90.056100 1
423.303415 106.957689 1

423.303415 106.957689 1
424.183164 123.665984 1

424.183164 123.665984 1
434.193664 139.800676 1

434.193664 139.800676 1
442.364154 131.042997 1

442.364154 131.042997 1
442.934990 152.610330 1

442.934990 152.610330 1
414.025159 176.355243 1

414.025159 176.355243 1
402.167256 213.295914 1

402.167256 213.295914 1
380.828574 213.813006 1

380.828574 213.813006 1
370.528290 210.883150 1

370.528290 210.883150 1
358.600889 220.765108 1

358.600889 220.765108 1
356.937421 221.121237 1

356.937421 221.121237 1
342.650609 219.015570 1

342.650609 219.015570 1
310.259671 237.937556 1

310.259671 237.937556 1
304.376414 250.188532 1

304.376414 250.188532 1
294.714440 268.210008 1

294.714440 268.210008 1
287.261695 291.143236 1

287.261695 291.143236 1
238.103949 283.789869 1

238.103949 283.789869 1
222.822850 288.203401 1

222.822850 288.203401 1
220.094052 268.607693 1

220.094052 268.607693 1
234.237325 263.860843 1

234.237325 263.860843 1
206.672151 247.650601 1

206.672151 247.650601 1
202.534178 241.315227 1

202.534178 241.315227 1
187.075060 255.799383 1

187.075060 255.799383 1
177.954626 237.746442 1

177.954626 237.746442 1
171.279249 224.117077 1

171.279249 224.117077 1
156.776456 231.644586 1

156.776456 231.644586 1
156.185085 261.973523 1

156.185085 261.973523 1
136.615319 276.972445 1

136.615319 276.972445 1
126.982581 255.115857 1

126.982581 255.115857 1
115.518978 240.592920 1

115.518978 240.592920 1
123.064096 227.646407 1

123.064096 227.646407 1
105.607543 216.791057 1

105.607543 216.791057 1
109.171678 197.361111 1

109.171678 197.361111 1
109.302685 192.512263 1

109.302685 192.512263 1
100.791923 197.132517 1

100.791923 197.132517 1
90.407537 199.967671 1

90.407537 199.967671 1
57.390500 200.369177 1

57.390500 200.369177 1
47.025160 211.120021 1

47.025160 211.120021 1
39.189771 182.190821 1

39.189771 182.190821 1
2.567017 153.828560 1

2.567017 153.828560 1
21.566868 118.861909 1

21.566868 118.861909 1
5.113754 112.346049 1

5.113754 112.346049 1
14.098291 84.945773 1

14.098291 84.945773 1
38.942424 104.811333 1

38.942424 104.811333 1
85.927165 111.788312 1

85.927165 111.788312 1
86.606669 88.873940 1

86.606669 88.873940 1
106.694963 70.514158 1

106.694963 70.514158 1
107.604052 57.291752 1

107.604052 57.291752 1
130.466687 70.650606 1

130.466687 70.650606 1
130.108565 43.154836 1

130.108565 43.154836 1
138.899412 34.670955 1

138.899412 34.670955 1
127.004808 8.462602 1

127.004808 8.462602 1
158.641629 6.208408 1

158.641629 6.208408 1
171.742890 56.071424 1

171.742890 56.071424 1
167.612813 57.242066 1

167.612813 57.242066 1
175.296540 76.503552 1

175.296540 76.503552 1
191.031853 63.459088 1

191.031853 63.459088 1
194.354619 93.209801 1

194.354619 93.209801 1
189.680293 104.729777 1

189.680293 104.729777 1
206.449718 105.735135 1

206.449718 105.735135 1
209.770702 123.850030 1

209.770702 123.850030 1
216.722572 127.452133 1

216.722572 127.452133 1
229.050193 137.028611 1

229.050193 137.028611 1
229.156902 137.062735 1

229.156902 137.062735 1
239.555735 142.203395 1

239.555735 142.203395 1
227.702031 148.635402 1

227.702031 148.635402 1
219.572948 155.934005 1

219.572948 155.934005 1
230.344122 166.806868 1

230.344122 166.806868 1
242.716544 168.955674 1

242.716544 168.955674 1
248.597286 185.291594 1

248.597286 185.291594 1
289.473074 185.280518 1

289.473074 185.280518 1
300.020762 202.690572 1

300.020762 202.690572 1
287.309693 207.246078 1

287.309693 207.246078 1
298.160565 162.689326 1

298.160565 162.689326 1
305.475094 158.422006 1

305.475094 158.422006 1
323.668556 162.916375 1

323.668556 162.916375 1
307.668026 106.559705 1

307.668026 106.559705 1
300.293031 72.011670 1

300.293031 72.011670 1
287.202534 46.252600 1

287.202534 46.252600 1
287.845076 25.210955 1

287.845076 25.210955 1
301.856414 10.931000 1

301.856414 10.931000 1
319.985475 41.189476 1

319.985475 41.189476 1
345.521970 41.705863 1

345.521970 41.705863 1
262.080545 62.607999 1

262.080545 62.607999 1
270.458576 97.497286 1

270.458576 97.497286 1
258.490167 135.558246 1

258.490167 135.558246 1
206.880493 172.474888 1

206.880493 172.474888 1
202.635609 184.779426 1

202.635609 184.779426 1
182.385475 182.313670 1

182.385475 182.313670 1
179.115041 192.538578 1

179.115041 192.538578 1
171.126063 177.195681 1

171.126063 177.195681 1
187.828461 166.782020 1

187.828461 166.782020 1
152.331006 184.706722 1

152.331006 184.706722 1
139.894305 203.695352 1

139.894305 203.695352 1
106.102585 145.515004 1

106.102585 145.515004 1
74.749790 151.108629 1

74.749790 151.108629 1
145.166437 119.685397 1

145.166437 119.685397 1
153.859721 130.221515 1

153.859721 130.221515 1
207.809632 218.047365 1

207.809632 218.047365 1
242.998695 227.216033 1

242.998695 227.216033 1
193.098819 300.221119 1

193.098819 300.221119 1
172.189539 292.913507 1

172.189539 292.913507 1
158.220862 306.017409 1

158.220862 306.017409 1
154.221826 335.891497 1

154.221826 335.891497 1
129.645516 344.855486 1

129.645516 344.855486 1
126.366623 323.401071 1

126.366623 323.401071 1
91.268517 354.554610 1

91.268517 354.554610 1
85.945715 357.109076 1

85.945715 357.109076 1
76.287027 339.297276 1

76.287027 339.297276 1
65.271512 324.338786 1

65.271512 324.338786 1
77.901773 299.787570 1

77.901773 299.787570 1
101.979144 277.292933 1

101.979144 277.292933 1
103.014872 274.854779 1

