982.427431 857.364631 0
992.529931 840.351470 0

992.529931 840.351470 1
956.516485 825.895883 1

956.516485 825.895883 1
974.880214 782.008057 1

974.880214 782.008057 1
950.802117 782.522839 1

950.802117 782.522839 1
944.482948 820.774653 1

944.482948 820.774653 1
958.961575 869.837540 1

958.961575 869.837540 1
903.780726 875.934499 1

903.780726 875.934499 1
899.678369 847.566197 1

899.678369 847.566197 1
905.271193 836.546857 1

905.271193 836.546857 1
900.026146 834.470960 1

900.026146 834.470960 1
908.247023 799.341627 1

908.247023 799.341627 1
908.782540 787.075275 1

908.782540 787.075275 1
910.653694 779.440051 1

910.653694 779.440051 1
880.635606 769.809494 1

880.635606 769.809494 1
887.983990 834.740627 1

887.983990 834.740627 1
878.002603 829.252648 1

878.002603 829.252648 1
869.389203 843.294588 1

869.389203 843.294588 1
843.085231 844.154079 1

843.085231 844.154079 1
843.590719 821.781376 1

843.590719 821.781376 1
816.795338 835.969835 1

816.795338 835.969835 1
815.626099 833.789470 1

815.626099 833.789470 1
786.514677 821.761134 1

786.514677 821.761134 1
775.934752 850.115173 1

775.934752 850.115173 1
767.502373 823.024887 1

767.502373 823.024887 1
746.941699 844.128871 1

746.941699 844.128871 1
737.492502 857.139047 1

737.492502 857.139047 1
719.350837 878.666453 1

719.350837 878.666453 1
691.362347 887.940840 1

691.362347 887.940840 1
637.383852 909.280188 1

637.383852 909.280188 1
632.837714 897.013321 1

632.837714 897.013321 1
621.551249 901.929232 1

621.551249 901.929232 1
595.493816 877.090230 1

595.493816 877.090230 1
600.521272 847.296114 1

600.521272 847.296114 1
560.508267 893.686851 1

560.508267 893.686851 1
529.779775 886.265353 1

529.779775 886.265353 1
549.011012 863.187384 1

549.011012 863.187384 1
518.322634 859.343215 1

518.322634 859.343215 1
509.290949 860.452051 1

509.290949 860.452051 1
482.754161 830.130974 1

482.754161 830.130974 1
481.665228 825.684132 1

481.665228 825.684132 1
524.917227 809.385912 1

524.917227 809.385912 1
549.264353 792.896827 1

549.264353 792.896827 1
549.852730 789.198272 1

549.852730 789.198272 1
560.502160 777.302552 1

560.502160 777.302552 1
570.264102 763.079849 1

570.264102 763.079849 1
586.978787 764.411799 1

586.978787 764.411799 1
589.211053 742.017907 1

589.211053 742.017907 1
608.409196 731.788335 1

608.409196 731.788335 1
611.602697 718.043532 1

611.602697 718.043532 1
589.542762 700.439484 1

589.542762 700.439484 1
591.565309 689.896718 1

591.565309 689.896718 1
574.536781 688.068652 1

574.536781 688.068652 1
565.566818 684.534269 1

565.566818 684.534269 1
570.481802 632.178149 1

570.481802 632.178149 1
561.042047 646.811862 1

561.042047 646.811862 1
564.553035 651.141351 1

564.553035 651.141351 1
547.324863 672.669464 1

547.324863 672.669464 1
539.824908 665.168766 1

539.824908 665.168766 1
533.219566 652.200907 1

533.219566 652.200907 1
542.062186 681.383104 1

542.062186 681.383104 1
537.972162 696.627140 1

537.972162 696.627140 1
505.636744 718.950162 1

505.636744 718.950162 1
529.454366 737.382938 1

529.454366 737.382938 1
515.303926 739.469219 1

515.303926 739.469219 1
514.860460 740.068187 1

514.860460 740.068187 1
496.353835 796.536840 1

496.353835 796.536840 1
459.879325 813.311462 1

459.879325 813.311462 1
427.879057 807.602551 1

427.879057 807.602551 1
422.464042 801.582529 1

422.464042 801.582529 1
384.652294 762.582710 1

384.652294 762.582710 1
399.351584 750.841878 1

399.351584 750.841878 1
426.681796 741.583587 1

426.681796 741.583587 1
428.475898 742.530457 1

428.475898 742.530457 1
461.575730 746.563857 1

461.575730 746.563857 1
434.311291 716.644626 1

434.311291 716.644626 1
404.373615 738.613144 1

404.373615 738.613144 1
351.536600 756.600827 1

351.536600 756.600827 1
335.887160 731.474599 1

335.887160 731.474599 1
362.854492 661.749536 1

362.854492 661.749536 1
403.926733 644.890809 1

403.926733 644.890809 1
419.054844 654.112839 1

419.054844 654.112839 1
412.440184 686.216683 1

412.440184 686.216683 1
415.638163 682.942299 1

415.638163 682.942299 1
460.594656 687.339899 1

460.594656 687.339899 1
478.182360 668.755002 1

478.182360 668.755002 1
448.400213 641.342480 1

448.400213 641.342480 1
411.271252 616.688917 1

411.271252 616.688917 1
429.942182 582.556896 1

429.942182 582.556896 1
450.316721 612.646106 1

450.316721 612.646106 1
451.851603 614.951121 1

451.851603 614.951121 1
476.916727 639.598501 1

476.916727 639.598501 1
465.780441 620.051514 1

465.780441 620.051514 1
465.232514 581.738984 1

465.232514 581.738984 1
461.017335 563.556899 1

461.017335 563.556899 1
489.193725 558.474538 1

489.193725 558.474538 1
483.213606 524.092553 1

483.213606 524.092553 1
518.225875 506.711836 1

518.225875 506.711836 1
526.689081 528.826230 1

526.689081 528.826230 1
515.078777 551.927939 1

515.078777 551.927939 1
525.221653 560.073808 1

525.221653 560.073808 1
529.887198 549.724043 1

529.887198 549.724043 1
538.878658 579.433135 1

538.878658 579.433135 1
545.019846 552.826728 1

545.019846 552.826728 1
527.600540 540.730283 1

527.600540 540.730283 1
530.515049 519.711017 1

530.515049 519.711017 1
583.708712 579.009711 1

583.708712 579.009711 1
591.291174 568.188892 1

591.291174 568.188892 1
602.405635 572.706283 1

602.405635 572.706283 1
623.622653 575.906296 1

623.622653 575.906296 1
629.138922 573.579060 1

629.138922 573.579060 1
621.647122 605.777339 1

621.647122 605.777339 1
620.259269 639.471775 1

620.259269 639.471775 1
627.877885 632.118325 1

627.877885 632.118325 1
643.054266 579.819689 1

643.054266 579.819689 1
653.672085 591.363899 1

653.672085 591.363899 1
673.384293 607.788930 1

673.384293 607.788930 1
680.848868 616.522539 1

680.848868 616.522539 1
674.612951 651.060899 1

674.612951 651.060899 1
683.035289 694.742215 1

683.035289 694.742215 1
694.771550 710.969431 1

694.771550 710.969431 1
645.930826 683.614288 1

645.930826 683.614288 1
646.501229 671.886873 1

646.501229 671.886873 1
668.448929 673.343775 1

668.448929 673.343775 1
688.248014 649.871025 1

688.248014 649.871025 1
718.066286 666.166636 1

718.066286 666.166636 1
726.704243 694.509290 1

726.704243 694.509290 1
726.479688 704.386738 1

726.479688 704.386738 1
732.559236 720.783194 1

732.559236 720.783194 1
700.839930 726.211297 1

700.839930 726.211297 1
702.870387 727.844824 1

702.870387 727.844824 1
721.636322 743.896219 1

721.636322 743.896219 1
712.715440 750.122582 1

712.715440 750.122582 1
658.615838 743.437317 1

658.615838 743.437317 1
673.196651 756.502379 1

673.196651 756.502379 1
693.948569 771.376707 1

693.948569 771.376707 1
690.314437 788.300810 1

690.314437 788.300810 1
651.862162 791.842478 1

651.862162 791.842478 1
610.460506 804.056967 1

610.460506 804.056967 1
695.306223 827.043288 1

695.306223 827.043288 1
689.243477 831.914485 1

689.243477 831.914485 1
689.762639 835.162687 1

689.762639 835.162687 1
690.327306 827.279799 1

690.327306 827.279799 1
698.237423 809.795135 1

698.237423 809.795135 1
710.258357 800.150544 1

710.258357 800.150544 1
704.242366 774.467886 1

704.242366 774.467886 1
755.247373 742.087426 1

755.247373 742.087426 1
756.843120 744.977643 1

756.843120 744.977643 1
774.816277 784.772186 1

774.816277 784.772186 1
793.528018 769.258246 1

793.528018 769.258246 1
807.684278 786.645362 1

807.684278 786.645362 1
819.531938 787.307559 1

819.531938 787.307559 1
814.335650 773.492941 1

814.335650 773.492941 1
785.013418 752.077380 1

785.013418 752.077380 1
785.005136 731.409040 1

785.005136 731.409040 1
800.903208 719.171155 1

800.903208 719.171155 1
805.521234 694.854872 1

805.521234 694.854872 1
818.566383 686.737073 1

818.566383 686.737073 1
870.766899 732.283877 1

870.766899 732.283877 1
870.760205 707.641648 1

870.760205 707.641648 1
931.374069 715.917327 1

931.374069 715.917327 1
939.834225 696.679553 1

939.834225 696.679553 1
909.643754 699.474978 1

909.643754 699.474978 1
883.746958 681.638884 1

883.746958 681.638884 1
901.683915 660.602734 1

901.683915 660.602734 1
933.745691 672.661285 1

933.745691 672.661285 1
935.003716 681.173289 1

935.003716 681.173289 1
941.895627 675.404904 1

941.895627 675.404904 1
957.403431 675.454152 1

957.403431 675.454152 1
976.154657 709.619225 1

976.154657 709.619225 1
983.999196 738.080774 1

983.999196 738.080774 1
993.913746 730.414373 1

993.913746 730.414373 1
991.273894 684.720291 1

991.273894 684.720291 1
984.228257 647.664079 1

984.228257 647.664079 1
923.520558 651.697479 1

923.520558 651.697479 1
914.260012 636.271790 1

914.260012 636.271790 1
935.269848 604.487569 1

935.269848 604.487569 1
946.208962 584.811413 1

946.208962 584.811413 1
903.414976 610.324482 1

903.414976 610.324482 1
892.188577 586.160411 1

892.188577 586.160411 1
895.894845 580.591889 1

895.894845 580.591889 1
923.460558 565.275646 1

923.460558 565.275646 1
888.622442 551.785387 1

888.622442 551.785387 1
883.180538 571.538892 1

883.180538 571.538892 1
870.721143 594.211702 1

870.721143 594.211702 1
841.591097 540.902377 1

841.591097 540.902377 1
814.721260 510.555370 1

814.721260 510.555370 1
814.087124 508.808761 1

814.087124 508.808761 1
809.715441 497.932924 1

809.715441 497.932924 1
825.951321 466.824800 1

825.951321 466.824800 1
779.985138 485.206093 1

779.985138 485.206093 1
764.774364 469.793698 1

764.774364 469.793698 1
761.527048 487.189992 1

761.527048 487.189992 1
791.374669 511.005861 1

791.374669 511.005861 1
778.170271 515.507506 1

778.170271 515.507506 1
775.727258 523.891225 1

775.727258 523.891225 1
781.240759 525.246917 1

781.240759 525.246917 1
767.890824 548.647522 1

767.890824 548.647522 1
814.095907 559.224240 1

814.095907 559.224240 1
805.291509 576.559670 1

805.291509 576.559670 1
795.826592 580.282720 1

795.826592 580.282720 1
829.973753 598.388346 1

829.973753 598.388346 1
856.797249 614.174986 1

856.797249 614.174986 1
883.664639 635.991532 1

883.664639 635.991532 1
855.178070 682.697775 1

855.178070 682.697775 1
836.173060 672.071860 1

836.173060 672.071860 1
824.833320 654.992121 1

824.833320 654.992121 1
777.003419 660.178571 1

777.003419 660.178571 1
789.389314 655.271522 1

789.389314 655.271522 1
781.689869 622.599087 1

781.689869 622.599087 1
756.228480 608.149478 1

756.228480 608.149478 1
736.811773 576.917886 1

736.811773 576.917886 1
729.938561 568.714642 1

729.938561 568.714642 1
727.406298 553.864999 1

727.406298 553.864999 1
703.949820 561.181415 1

703.949820 561.181415 1
670.563557 573.050455 1

670.563557 573.050455 1
636.518609 540.002356 1

636.518609 540.002356 1
590.182415 557.018772 1

590.182415 557.018772 1
582.882184 534.801986 1

582.882184 534.801986 1
580.591029 520.668551 1

580.591029 520.668551 1
558.647329 464.667545 1

558.647329 464.667545 1
588.463807 482.806088 1

588.463807 482.806088 1
590.641169 480.080699 1

590.641169 480.080699 1
616.889361 491.352501 1

616.889361 491.352501 1
627.384323 504.396569 1

627.384323 504.396569 1
640.799464 462.834029 1

640.799464 462.834029 1
669.821620 472.463112 1

669.821620 472.463112 1
671.809349 468.522720 1

671.809349 468.522720 1
698.196160 465.533598 1

698.196160 465.533598 1
690.387704 508.271820 1

690.387704 508.271820 1
719.641249 504.173826 1

719.641249 504.173826 1
714.316230 479.836662 1

714.316230 479.836662 1
715.377042 454.019555 1

715.377042 454.019555 1
722.435440 438.084527 1

722.435440 438.084527 1
717.262376 414.184831 1

717.262376 414.184831 1
698.258613 405.577510 1

698.258613 405.577510 1
694.117603 407.391041 1

694.117603 407.391041 1
676.402428 447.232737 1

676.402428 447.232737 1
682.115420 432.213460 1

682.115420 432.213460 1
654.352430 414.003601 1

654.352430 414.003601 1
653.933935 390.168686 1

653.933935 390.168686 1
692.025406 378.139591 1

692.025406 378.139591 1
678.674011 363.553401 1

678.674011 363.553401 1
669.745250 354.142284 1

669.745250 354.142284 1
680.257102 348.525429 1

680.257102 348.525429 1
684.678067 349.706834 1

684.678067 349.706834 1
675.785367 339.217408 1

675.785367 339.217408 1
675.224702 333.560136 1

675.224702 333.560136 1
709.296517 348.926409 1

709.296517 348.926409 1
735.864453 372.483830 1

735.864453 372.483830 1
753.840393 380.609985 1

753.840393 380.609985 1
761.405154 418.346772 1

761.405154 418.346772 1
803.401821 429.231552 1

803.401821 429.231552 1
800.167594 425.081645 1

800.167594 425.081645 1
797.721733 387.828170 1

797.721733 387.828170 1
800.716144 382.051297 1

800.716144 382.051297 1
782.520243 374.177330 1

782.520243 374.177330 1
789.450307 345.213658 1

789.450307 345.213658 1
767.866969 356.960558 1

767.866969 356.960558 1
738.421835 366.453678 1

738.421835 366.453678 1
736.419861 361.719101 1

736.419861 361.719101 1
708.722298 298.507570 1

708.722298 298.507570 1
694.573881 265.885850 1

694.573881 265.885850 1
694.398874 240.167501 1

694.398874 240.167501 1
649.944319 271.226494 1

649.944319 271.226494 1
643.271271 237.957100 1

643.271271 237.957100 1
652.872723 221.182149 1

652.872723 221.182149 1
684.755806 203.814853 1

684.755806 203.814853 1
661.644104 171.021954 1

661.644104 171.021954 1
657.142173 165.361940 1

657.142173 165.361940 1
635.005101 164.622936 1

635.005101 164.622936 1
673.258688 140.655391 1

673.258688 140.655391 1
706.124524 135.641449 1

706.124524 135.641449 1
707.099619 176.715635 1

707.099619 176.715635 1
757.589279 185.535932 1

757.589279 185.535932 1
762.220607 184.605710 1

762.220607 184.605710 1
780.948969 161.710500 1

780.948969 161.710500 1
795.365970 180.255282 1

795.365970 180.255282 1
816.498349 166.938413 1

816.498349 166.938413 1
805.278357 156.132307 1

805.278357 156.132307 1
775.297617 126.814958 1

775.297617 126.814958 1
763.830780 117.852888 1

763.830780 117.852888 1
757.013874 113.947080 1

757.013874 113.947080 1
790.207752 88.334035 1

790.207752 88.334035 1
793.348114 46.049502 1

793.348114 46.049502 1
765.746022 14.922401 1

765.746022 14.922401 1
762.554671 1.336304 1

762.554671 1.336304 1
824.206814 26.371880 1

824.206814 26.371880 1
852.958439 16.643493 1

852.958439 16.643493 1
806.390791 59.158022 1

806.390791 59.158022 1
794.672626 104.538874 1

794.672626 104.538874 1
822.453595 120.721426 1

822.453595 120.721426 1
844.315611 122.227368 1

844.315611 122.227368 1
846.230044 103.499956 1

846.230044 103.499956 1
879.800840 108.504655 1

879.800840 108.504655 1
902.875990 106.771170 1

902.875990 106.771170 1
933.696323 74.924843 1

933.696323 74.924843 1
911.401248 51.882590 1

911.401248 51.882590 1
899.168273 69.698016 1

899.168273 69.698016 1
850.216821 74.238951 1

850.216821 74.238951 1
866.582984 65.514883 1

866.582984 65.514883 1
885.113833 56.585145 1

885.113833 56.585145 1
895.479719 51.033027 1

895.479719 51.033027 1
941.788217 17.636677 1

941.788217 17.636677 1
937.257776 11.093122 1

937.257776 11.093122 1
939.007373 6.699393 1

939.007373 6.699393 1
947.409446 2.695655 1

947.409446 2.695655 1
965.305369 22.690864 1

965.305369 22.690864 1
998.211934 5.318963 1

998.211934 5.318963 1
988.903895 46.157401 1

988.903895 46.157401 1
990.581446 59.070447 1

990.581446 59.070447 1
958.651057 62.314358 1

958.651057 62.314358 1
971.930557 86.477069 1

971.930557 86.477069 1
991.104759 81.278821 1

991.104759 81.278821 1
985.812199 101.033891 1

985.812199 101.033891 1
962.120851 102.305423 1

962.120851 102.305423 1
946.165536 113.428714 1

946.165536 113.428714 1
937.008104 113.834884 1

937.008104 113.834884 1
923.471412 116.373077 1

923.471412 116.373077 1
929.698229 130.769311 1

929.698229 130.769311 1
910.221186 120.884049 1

910.221186 120.884049 1
887.055546 129.065291 1

887.055546 129.065291 1
910.030081 157.608949 1

910.030081 157.608949 1
921.423729 157.259772 1

921.423729 157.259772 1
943.170177 141.111233 1

943.170177 141.111233 1
956.651251 137.976649 1

956.651251 137.976649 1
975.077817 144.278608 1

975.077817 144.278608 1
970.994084 157.433194 1

970.994084 157.433194 1
939.496838 158.059368 1

939.496838 158.059368 1
942.961269 163.433521 1

942.961269 163.433521 1
955.962226 179.341126 1

955.962226 179.341126 1
981.984656 224.161924 1

981.984656 224.161924 1
971.063685 225.409192 1

971.063685 225.409192 1
969.169638 236.713298 1

969.169638 236.713298 1
973.512058 270.496735 1

973.512058 270.496735 1
966.498076 296.351954 1

966.498076 296.351954 1
984.055961 329.336152 1

984.055961 329.336152 1
990.304406 410.783079 1

990.304406 410.783079 1
971.755594 424.485998 1

971.755594 424.485998 1
971.395085 423.708733 1

971.395085 423.708733 1
970.836599 378.984764 1

970.836599 378.984764 1
970.874077 353.957522 1

970.874077 353.957522 1
962.776029 322.273166 1

962.776029 322.273166 1
940.836757 326.843250 1

940.836757 326.843250 1
909.896486 303.935529 1

909.896486 303.935529 1
877.759256 310.358047 1

877.759256 310.358047 1
929.093839 361.835019 1

929.093839 361.835019 1
931.963279 405.133132 1

931.963279 405.133132 1
934.181312 446.317998 1

934.181312 446.317998 1
956.960656 464.635662 1

956.960656 464.635662 1
948.008263 472.467774 1

948.008263 472.467774 1
956.519594 472.410675 1

956.519594 472.410675 1
968.810653 468.339175 1

968.810653 468.339175 1
993.669779 488.895102 1

993.669779 488.895102 1
985.214555 508.739050 1

985.214555 508.739050 1
988.404590 548.052603 1

988.404590 548.052603 1
966.925516 549.520178 1

966.925516 549.520178 1
960.455997 515.284442 1

960.455997 515.284442 1
946.595420 503.038597 1

946.595420 503.038597 1
938.659565 507.739578 1

938.659565 507.739578 1
902.373014 506.018735 1

902.373014 506.018735 1
905.335762 494.381242 1

905.335762 494.381242 1
904.124449 445.485275 1

904.124449 445.485275 1
878.615704 449.042619 1

878.615704 449.042619 1
900.817263 387.721170 1

900.817263 387.721170 1
888.602739 376.085000 1

888.602739 376.085000 1
874.488163 411.177802 1

874.488163 411.177802 1
869.643398 397.506921 1

869.643398 397.506921 1
867.470975 391.164587 1

867.470975 391.164587 1
870.758368 376.878990 1

870.758368 376.878990 1
872.848082 362.944525 1

872.848082 362.944525 1
867.538643 357.381495 1

867.538643 357.381495 1
835.046378 372.692006 1

835.046378 372.692006 1
828.039014 369.969598 1

828.039014 369.969598 1
853.415168 332.637299 1

853.415168 332.637299 1
836.566864 331.894895 1

836.566864 331.894895 1
819.115280 317.963729 1

819.115280 317.963729 1
815.939776 309.315395 1

815.939776 309.315395 1
850.883095 315.898313 1

850.883095 315.898313 1
861.641555 282.440814 1

861.641555 282.440814 1
896.000085 286.976406 1

896.000085 286.976406 1
919.536168 294.004781 1

919.536168 294.004781 1
953.312740 293.700482 1

953.312740 293.700482 1
958.029912 276.243845 1

958.029912 276.243845 1
946.172341 255.592768 1

946.172341 255.592768 1
929.902920 257.118944 1

929.902920 257.118944 1
907.037352 263.981530 1

907.037352 263.981530 1
906.107275 245.728931 1

906.107275 245.728931 1
948.029077 210.961344 1

948.029077 210.961344 1
915.458725 208.727197 1

915.458725 208.727197 1
890.328559 197.155020 1

890.328559 197.155020 1
858.390053 195.948706 1

858.390053 195.948706 1
866.653388 215.698778 1

866.653388 215.698778 1
872.682898 216.045953 1

872.682898 216.045953 1
869.749116 247.370056 1

869.749116 247.370056 1
855.003071 250.778751 1

855.003071 250.778751 1
842.515510 242.563022 1

842.515510 242.563022 1
797.756181 228.083357 1

797.756181 228.083357 1
781.375938 252.035408 1

781.375938 252.035408 1
775.779985 253.061981 1

775.779985 253.061981 1
776.969110 275.755255 1

776.969110 275.755255 1
758.890634 279.789839 1

758.890634 279.789839 1
736.348095 287.969148 1

736.348095 287.969148 1
754.641307 321.777494 1

754.641307 321.777494 1
738.929661 318.780875 1

738.929661 318.780875 1
732.551851 311.736473 1

732.551851 311.736473 1
694.755425 309.686078 1

694.755425 309.686078 1
675.017441 325.366012 1

675.017441 325.366012 1
662.798214 339.347310 1

662.798214 339.347310 1
647.072847 323.595287 1

647.072847 323.595287 1
612.226666 280.703944 1

612.226666 280.703944 1
602.128164 224.074061 1

602.128164 224.074061 1
592.447594 249.078655 1

592.447594 249.078655 1
591.184688 203.585728 1

591.184688 203.585728 1
585.825569 207.322497 1

585.825569 207.322497 1
555.386424 201.686771 1

555.386424 201.686771 1
540.787514 183.019953 1

540.787514 183.019953 1
547.298807 160.845762 1

547.298807 160.845762 1
567.768268 158.890145 1

567.768268 158.890145 1
571.192264 150.809245 1

571.192264 150.809245 1
598.093341 164.904292 1

598.093341 164.904292 1
593.694093 127.149061 1

593.694093 127.149061 1
579.284335 129.975637 1

579.284335 129.975637 1
630.077495 85.313846 1

630.077495 85.313846 1
677.156532 93.350163 1

677.156532 93.350163 1
682.507996 88.940716 1

682.507996 88.940716 1
667.315004 68.510886 1

667.315004 68.510886 1
656.964871 76.889261 1

656.964871 76.889261 1
613.864555 69.598296 1

613.864555 69.598296 1
706.042684 31.243412 1

706.042684 31.243412 1
687.159158 17.107466 1

687.159158 17.107466 1
673.449268 2.325286 1

673.449268 2.325286 1
665.680073 2.945581 1

665.680073 2.945581 1
645.269158 11.367968 1

645.269158 11.367968 1
645.195441 11.025422 1

645.195441 11.025422 1
638.248492 6.568628 1

638.248492 6.568628 1
626.482195 25.297656 1

626.482195 25.297656 1
618.885035 28.036833 1

618.885035 28.036833 1
601.624637 32.863918 1

601.624637 32.863918 1
585.929409 79.237832 1

585.929409 79.237832 1
574.175088 88.416135 1

574.175088 88.416135 1
560.502580 92.599842 1

560.502580 92.599842 1
546.750918 70.851207 1

546.750918 70.851207 1
546.523557 69.048774 1

546.523557 69.048774 1
557.051413 37.259386 1

557.051413 37.259386 1
557.537420 18.020497 1

557.537420 18.020497 1
562.352842 2.380772 1

562.352842 2.380772 1
529.756000 41.096839 1

529.756000 41.096839 1
524.623171 51.673807 1

524.623171 51.673807 1
510.965730 43.771249 1

510.965730 43.771249 1
496.669057 20.467245 1

496.669057 20.467245 1
463.389470 16.028579 1

463.389470 16.028579 1
452.248833 24.403800 1

452.248833 24.403800 1
509.280432 45.077475 1

509.280432 45.077475 1
512.820607 48.641349 1

512.820607 48.641349 1
516.983644 56.520368 1

516.983644 56.520368 1
519.673733 60.639135 1

519.673733 60.639135 1
529.989959 72.934412 1

529.989959 72.934412 1
477.757600 70.059601 1

477.757600 70.059601 1
494.911760 87.106701 1

494.911760 87.106701 1
457.518338 103.333054 1

457.518338 103.333054 1
416.274172 63.078132 1

416.274172 63.078132 1
414.211888 102.416396 1

414.211888 102.416396 1
380.058149 117.104596 1

380.058149 117.104596 1
454.529784 123.552432 1

454.529784 123.552432 1
451.110117 130.261984 1

451.110117 130.261984 1
480.372864 123.767330 1

480.372864 123.767330 1
520.810192 104.176089 1

520.810192 104.176089 1
534.137329 105.837978 1

534.137329 105.837978 1
531.191796 122.137179 1

531.191796 122.137179 1
515.089972 149.791886 1

515.089972 149.791886 1
522.367263 169.067558 1

522.367263 169.067558 1
460.323670 194.179102 1

460.323670 194.179102 1
494.183619 213.541349 1

494.183619 213.541349 1
529.524086 190.282138 1

529.524086 190.282138 1
536.740042 202.005203 1

536.740042 202.005203 1
545.026741 221.038106 1

545.026741 221.038106 1
544.755499 235.943261 1

544.755499 235.943261 1
547.492984 289.546455 1

547.492984 289.546455 1
526.705399 298.766534 1

526.705399 298.766534 1
496.038531 269.100699 1

496.038531 269.100699 1
491.241357 261.735605 1

491.241357 261.735605 1
497.242549 320.217099 1

497.242549 320.217099 1
460.061783 319.580320 1

460.061783 319.580320 1
455.069265 318.862741 1

455.069265 318.862741 1
472.451624 339.385152 1

472.451624 339.385152 1
484.236543 344.273649 1

484.236543 344.273649 1
456.183079 387.417793 1

456.183079 387.417793 1
491.305660 370.190663 1

491.305660 370.190663 1
493.639041 381.740465 1

493.639041 381.740465 1
526.466848 374.598743 1

526.466848 374.598743 1
499.220796 326.476332 1

499.220796 326.476332 1
506.742041 331.934378 1

506.742041 331.934378 1
526.697947 330.076798 1

526.697947 330.076798 1
561.971702 292.506199 1

561.971702 292.506199 1
577.882871 289.280408 1

577.882871 289.280408 1
593.840872 296.533229 1

593.840872 296.533229 1
603.008787 326.700196 1

603.008787 326.700196 1
570.090098 329.027643 1

570.090098 329.027643 1
551.297304 341.161429 1

551.297304 341.161429 1
586.206681 345.780704 1

586.206681 345.780704 1
639.138817 366.213160 1

639.138817 366.213160 1
602.811181 395.178855 1

602.811181 395.178855 1
584.679053 375.110927 1

584.679053 375.110927 1
571.832444 419.891958 1

571.832444 419.891958 1
507.917034 448.518974 1

507.917034 448.518974 1
459.483701 446.480442 1

459.483701 446.480442 1
466.079911 454.424639 1

466.079911 454.424639 1
482.280781 501.853132 1

482.280781 501.853132 1
461.750949 488.068274 1

461.750949 488.068274 1
457.087129 490.794142 1

457.087129 490.794142 1
451.815427 504.027107 1

451.815427 504.027107 1
400.051918 478.375496 1

400.051918 478.375496 1
418.696074 428.490433 1

418.696074 428.490433 1
425.693848 416.229570 1

425.693848 416.229570 1
408.265905 431.080354 1

408.265905 431.080354 1
394.811622 443.669603 1

394.811622 443.669603 1
393.245183 417.250736 1

393.245183 417.250736 1
394.173214 405.662890 1

394.173214 405.662890 1
380.592240 422.053485 1

380.592240 422.053485 1
410.782544 400.338984 1

410.782544 400.338984 1
401.238461 367.393416 1

401.238461 367.393416 1
383.788552 370.644806 1

383.788552 370.644806 1
376.009114 381.470249 1

376.009114 381.470249 1
365.245220 382.563976 1

365.245220 382.563976 1
377.951241 331.742482 1

377.951241 331.742482 1
413.208213 322.381447 1

413.208213 322.381447 1
414.701831 300.141799 1

414.701831 300.141799 1
432.754271 274.244413 1

432.754271 274.244413 1
450.088332 267.529223 1

450.088332 267.529223 1
457.832935 265.819613 1

457.832935 265.819613 1
408.202240 259.628791 1

408.202240 259.628791 1
386.744758 252.727054 1

386.744758 252.727054 1
365.717342 234.509603 1

365.717342 234.509603 1
379.938000 290.221980 1

379.938000 290.221980 1
348.788695 283.504513 1

348.788695 283.504513 1
350.360889 269.030403 1

350.360889 269.030403 1
336.303358 267.414255 1

336.303358 267.414255 1
342.080807 284.696285 1

342.080807 284.696285 1
346.767056 305.416718 1

346.767056 305.416718 1
339.181650 316.020405 1

339.181650 316.020405 1
345.965520 329.111734 1

345.965520 329.111734 1
356.314264 348.706031 1

356.314264 348.706031 1
344.129423 348.899192 1

344.129423 348.899192 1
328.766253 352.491025 1

328.766253 352.491025 1
329.499005 364.767349 1

329.499005 364.767349 1
345.658144 381.868824 1

345.658144 381.868824 1
346.007211 387.732880 1

346.007211 387.732880 1
349.351247 392.298101 1

349.351247 392.298101 1
301.993980 367.283007 1

301.993980 367.283007 1
307.870043 400.735570 1

307.870043 400.735570 1
307.947509 405.305152 1

307.947509 405.305152 1
260.769460 363.264426 1

260.769460 363.264426 1
255.597995 346.211566 1

255.597995 346.211566 1
238.072781 345.134035 1

238.072781 345.134035 1
308.874306 301.861864 1

308.874306 301.861864 1
282.659942 302.160312 1

282.659942 302.160312 1
258.526547 297.414909 1

258.526547 297.414909 1
240.137141 302.628546 1

240.137141 302.628546 1
226.137094 303.206009 1

226.137094 303.206009 1
258.864000 263.249270 1

258.864000 263.249270 1
293.070755 247.674121 1

293.070755 247.674121 1
314.178174 238.349075 1

314.178174 238.349075 1
312.261586 214.305698 1

312.261586 214.305698 1
327.184468 209.896191 1

327.184468 209.896191 1
392.247941 191.522355 1

392.247941 191.522355 1
394.190216 164.342371 1

394.190216 164.342371 1
355.523235 174.962295 1

355.523235 174.962295 1
360.217286 168.430400 1

360.217286 168.430400 1
332.854277 179.223270 1

332.854277 179.223270 1
322.488473 164.050834 1

322.488473 164.050834 1
303.400639 150.424886 1

303.400639 150.424886 1
310.713806 127.213717 1

310.713806 127.213717 1
254.287378 153.113295 1

254.287378 153.113295 1
235.614820 156.490105 1

235.614820 156.490105 1
224.261759 124.449680 1

224.261759 124.449680 1
190.663049 81.079879 1

190.663049 81.079879 1
184.074996 75.575039 1

184.074996 75.575039 1
200.307936 62.983775 1

200.307936 62.983775 1
257.404748 60.884614 1

257.404748 60.884614 1
304.686968 76.703270 1

304.686968 76.703270 1
304.572643 68.499898 1

304.572643 68.499898 1
319.379531 64.899217 1

319.379531 64.899217 1
348.572116 78.240842 1

348.572116 78.240842 1
347.386806 36.017741 1

347.386806 36.017741 1
364.469469 54.452400 1

364.469469 54.452400 1
401.635719 6.090309 1

401.635719 6.090309 1
382.434024 12.961897 1

382.434024 12.961897 1
362.163679 6.172753 1

362.163679 6.172753 1
356.324874 22.472250 1

356.324874 22.472250 1
322.414941 19.660093 1

322.414941 19.660093 1
294.136227 1.945022 1

294.136227 1.945022 1
299.297535 52.762582 1

299.297535 52.762582 1
275.101179 37.287863 1

275.101179 37.287863 1
218.006007 27.665247 1

218.006007 27.665247 1
213.891124 16.829995 1

213.891124 16.829995 1
182.211199 4.117270 1

182.211199 4.117270 1
166.221518 2.562248 1

166.221518 2.562248 1
193.237995 50.963964 1

193.237995 50.963964 1
191.919549 53.679981 1

191.919549 53.679981 1
181.805455 43.759666 1

181.805455 43.759666 1
178.492023 40.814100 1

178.492023 40.814100 1
164.928083 37.488388 1

164.928083 37.488388 1
148.369277 69.915625 1

148.369277 69.915625 1
178.474492 86.592771 1

178.474492 86.592771 1
186.354219 90.931849 1

186.354219 90.931849 1
186.916043 115.260207 1

186.916043 115.260207 1
179.559464 110.463715 1

179.559464 110.463715 1
204.566304 132.481915 1

204.566304 132.481915 1
204.558295 145.888369 1

204.558295 145.888369 1
192.544862 173.011696 1

192.544862 173.011696 1
194.300946 190.792040 1

194.300946 190.792040 1
223.390822 169.752213 1

223.390822 169.752213 1
262.790510 183.068006 1

262.790510 183.068006 1
253.657695 197.240896 1

253.657695 197.240896 1
279.234981 212.777120 1

279.234981 212.777120 1
268.627919 232.651570 1

268.627919 232.651570 1
227.937397 217.949163 1

227.937397 217.949163 1
226.554942 271.383416 1

226.554942 271.383416 1
229.142042 265.927147 1

229.142042 265.927147 1
194.550471 255.801675 1

194.550471 255.801675 1
185.682922 246.371063 1

185.682922 246.371063 1
197.222544 287.764593 1

197.222544 287.764593 1
194.184553 289.276086 1

194.184553 289.276086 1
183.615379 303.258367 1

183.615379 303.258367 1
196.892860 338.876073 1

196.892860 338.876073 1
183.144943 345.664343 1

183.144943 345.664343 1
174.286769 347.656548 1

174.286769 347.656548 1
177.105165 350.962213 1

177.105165 350.962213 1
217.505308 368.437402 1

217.505308 368.437402 1
252.598739 384.733370 1

252.598739 384.733370 1
263.994808 390.262335 1

263.994808 390.262335 1
269.402818 406.247207 1

269.402818 406.247207 1
225.997695 415.680650 1

225.997695 415.680650 1
214.074058 404.906204 1

214.074058 404.906204 1
205.276313 413.576393 1

205.276313 413.576393 1
195.115921 408.335021 1

195.115921 408.335021 1
197.895738 378.766210 1

197.895738 378.766210 1
191.311981 389.095478 1

191.311981 389.095478 1
180.205952 418.694691 1

180.205952 418.694691 1
163.426557 419.861070 1

163.426557 419.861070 1
154.959265 423.859029 1

154.959265 423.859029 1
144.026390 415.712452 1

144.026390 415.712452 1
130.609498 418.547326 1

130.609498 418.547326 1
107.945622 404.375960 1

107.945622 404.375960 1
104.873960 350.084128 1

104.873960 350.084128 1
99.869343 335.995791 1

99.869343 335.995791 1
114.587500 324.871953 1

114.587500 324.871953 1
146.169076 278.529104 1

146.169076 278.529104 1
145.009020 264.106336 1

145.009020 264.106336 1
160.128849 222.045756 1

160.128849 222.045756 1
149.345012 236.765254 1

149.345012 236.765254 1
133.728454 230.113221 1

133.728454 230.113221 1
108.556227 209.557471 1

108.556227 209.557471 1
104.272165 171.333060 1

104.272165 171.333060 1
135.344008 163.695141 1

135.344008 163.695141 1
127.182871 148.880684 1

127.182871 148.880684 1
113.586428 151.990425 1

113.586428 151.990425 1
112.865557 120.267729 1

112.865557 120.267729 1
121.733408 108.876399 1

121.733408 108.876399 1
100.776027 75.266249 1

100.776027 75.266249 1
102.197366 62.053419 1

102.197366 62.053419 1
97.720230 28.362924 1

97.720230 28.362924 1
116.671878 13.808647 1

116.671878 13.808647 1
107.104425 3.578614 1

107.104425 3.578614 1
69.087804 52.086549 1

69.087804 52.086549 1
44.029463 44.257038 1

44.029463 44.257038 1
35.471305 46.086880 1

35.471305 46.086880 1
7.981019 40.643579 1

7.981019 40.643579 1
29.981855 69.716229 1

29.981855 69.716229 1
87.004964 99.137673 1

87.004964 99.137673 1
51.831499 113.856343 1

51.831499 113.856343 1
28.268235 127.598723 1

28.268235 127.598723 1
25.072563 152.673137 1

25.072563 152.673137 1
30.394730 158.055607 1

30.394730 158.055607 1
21.519168 186.251878 1

21.519168 186.251878 1
48.591940 196.049468 1

48.591940 196.049468 1
50.092822 205.992287 1

50.092822 205.992287 1
7.661856 203.730729 1

7.661856 203.730729 1
30.111934 235.370796 1

30.111934 235.370796 1
29.580711 251.916430 1

29.580711 251.916430 1
4.595683 265.646459 1

4.595683 265.646459 1
11.913542 285.339701 1

11.913542 285.339701 1
5.779726 303.110165 1

5.779726 303.110165 1
90.944315 278.986400 1

90.944315 278.986400 1
91.359690 253.968089 1

91.359690 253.968089 1
87.969759 236.923091 1

87.969759 236.923091 1
72.464286 247.046697 1

72.464286 247.046697 1
73.683076 263.836092 1

73.683076 263.836092 1
75.611905 275.662854 1

75.611905 275.662854 1
80.544707 290.127112 1

80.544707 290.127112 1
67.912379 299.818617 1

67.912379 299.818617 1
58.690975 314.706287 1

58.690975 314.706287 1
51.913117 316.503190 1

51.913117 316.503190 1
56.465305 323.253394 1

56.465305 323.253394 1
67.040345 362.585672 1

67.040345 362.585672 1
65.465003 374.987854 1

65.465003 374.987854 1
32.665031 347.555216 1

32.665031 347.555216 1
27.085723 363.577173 1

27.085723 363.577173 1
33.937461 397.063941 1

33.937461 397.063941 1
72.451642 410.724488 1

72.451642 410.724488 1
60.570013 405.611612 1

60.570013 405.611612 1
71.837171 423.528946 1

71.837171 423.528946 1
81.060036 424.158123 1

81.060036 424.158123 1
60.189217 446.684826 1

60.189217 446.684826 1
30.579225 431.474125 1

30.579225 431.474125 1
24.313156 438.773608 1

24.313156 438.773608 1
12.520984 448.968661 1

12.520984 448.968661 1
18.938090 484.212955 1

18.938090 484.212955 1
20.077533 495.030124 1

20.077533 495.030124 1
2.087922 534.089194 1

2.087922 534.089194 1
25.826976 549.672170 1

25.826976 549.672170 1
35.544288 557.926956 1

35.544288 557.926956 1
36.239034 561.658011 1

36.239034 561.658011 1
61.674451 567.936299 1

61.674451 567.936299 1
80.959142 569.563542 1

80.959142 569.563542 1
79.930150 606.184652 1

79.930150 606.184652 1
87.914683 582.331037 1

87.914683 582.331037 1
95.286476 561.283192 1

95.286476 561.283192 1
53.783332 553.446606 1

53.783332 553.446606 1
54.727603 522.352466 1

54.727603 522.352466 1
50.828354 478.088553 1

50.828354 478.088553 1
56.611036 476.587580 1

56.611036 476.587580 1
66.190539 468.895161 1

66.190539 468.895161 1
75.488593 454.142820 1

75.488593 454.142820 1
93.233641 442.126973 1

93.233641 442.126973 1
139.898978 455.916898 1

139.898978 455.916898 1
135.188019 467.298556 1

135.188019 467.298556 1
115.155628 481.422141 1

115.155628 481.422141 1
113.798829 491.335390 1

113.798829 491.335390 1
88.251828 495.277501 1

88.251828 495.277501 1
114.609714 499.286822 1

114.609714 499.286822 1
132.215223 513.708932 1

132.215223 513.708932 1
140.562251 514.390699 1

140.562251 514.390699 1
142.119046 516.634393 1

142.119046 516.634393 1
139.371316 527.469240 1

139.371316 527.469240 1
180.201389 531.905019 1

180.201389 531.905019 1
190.039008 498.191167 1

190.039008 498.191167 1
206.262312 481.674295 1

206.262312 481.674295 1
221.237579 448.128795 1

221.237579 448.128795 1
244.532677 450.452687 1

244.532677 450.452687 1
275.658638 455.012982 1

275.658638 455.012982 1
279.908758 474.282555 1

279.908758 474.282555 1
283.413574 496.001432 1

283.413574 496.001432 1
279.772763 532.510041 1

279.772763 532.510041 1
288.857931 524.881010 1

288.857931 524.881010 1
301.416985 505.145574 1

301.416985 505.145574 1
308.807064 508.494689 1

308.807064 508.494689 1
337.039631 518.948439 1

337.039631 518.948439 1
338.264600 502.209656 1

338.264600 502.209656 1
301.945213 491.618718 1

301.945213 491.618718 1
298.713208 472.707356 1

298.713208 472.707356 1
301.315670 430.167431 1

301.315670 430.167431 1
351.043139 432.630907 1

351.043139 432.630907 1
352.082891 455.193416 1

352.082891 455.193416 1
362.047855 453.617187 1

362.047855 453.617187 1
378.128594 480.038492 1

378.128594 480.038492 1
375.468042 504.937955 1

375.468042 504.937955 1
419.536192 496.200205 1

419.536192 496.200205 1
433.469026 519.513037 1

433.469026 519.513037 1
460.045071 533.079390 1

460.045071 533.079390 1
394.107298 598.092811 1

394.107298 598.092811 1
376.504547 604.847378 1

376.504547 604.847378 1
360.618900 552.710668 1

360.618900 552.710668 1
355.750820 545.268061 1

355.750820 545.268061 1
334.088729 591.325716 1

334.088729 591.325716 1
335.368813 653.308580 1

335.368813 653.308580 1
313.085875 617.556504 1

313.085875 617.556504 1
298.084476 619.786351 1

298.084476 619.786351 1
299.671095 645.868765 1

299.671095 645.868765 1
297.816010 681.544477 1

297.816010 681.544477 1
271.458695 656.066591 1

271.458695 656.066591 1
251.714997 619.132625 1

251.714997 619.132625 1
248.566236 610.776456 1

248.566236 610.776456 1
257.341044 574.319929 1

257.341044 574.319929 1
241.775380 553.885478 1

241.775380 553.885478 1
239.709886 545.051719 1

239.709886 545.051719 1
239.192506 520.720324 1

239.192506 520.720324 1
221.632576 532.723518 1

221.632576 532.723518 1
232.205397 554.220612 1

232.205397 554.220612 1
235.079610 556.817333 1

235.079610 556.817333 1
233.624915 587.944842 1

233.624915 587.944842 1
187.684272 565.901984 1

187.684272 565.901984 1
162.307808 582.520379 1

162.307808 582.520379 1
147.303380 598.027697 1

147.303380 598.027697 1
122.543802 603.243459 1

122.543802 603.243459 1
138.972397 613.524682 1

138.972397 613.524682 1
191.441090 616.267851 1

191.441090 616.267851 1
229.940776 628.291697 1

229.940776 628.291697 1
252.766839 638.768123 1

252.766839 638.768123 1
263.646731 676.843645 1

263.646731 676.843645 1
254.049286 666.913338 1

254.049286 666.913338 1
217.889616 666.919913 1

217.889616 666.919913 1
255.144190 706.973394 1

255.144190 706.973394 1
230.386434 724.325165 1

230.386434 724.325165 1
215.471491 732.834695 1

215.471491 732.834695 1
231.855977 746.730076 1

231.855977 746.730076 1
235.298163 758.768718 1

235.298163 758.768718 1
230.693466 753.766471 1

230.693466 753.766471 1
199.209296 769.701173 1

199.209296 769.701173 1
188.263030 765.170186 1

188.263030 765.170186 1
181.360747 754.327545 1

181.360747 754.327545 1
187.126586 723.807815 1

187.126586 723.807815 1
176.392465 747.730586 1

176.392465 747.730586 1
164.023826 791.365506 1

164.023826 791.365506 1
134.678164 825.170712 1

134.678164 825.170712 1
85.700494 789.100243 1

85.700494 789.100243 1
94.969971 762.133011 1

94.969971 762.133011 1
89.509738 759.721646 1

89.509738 759.721646 1
84.270143 752.645125 1

84.270143 752.645125 1
93.122935 741.575531 1

93.122935 741.575531 1
115.846566 722.806912 1

115.846566 722.806912 1
167.549847 669.650582 1

167.549847 669.650582 1
150.459429 680.792513 1

150.459429 680.792513 1
127.643531 688.273384 1

127.643531 688.273384 1
108.135609 696.537263 1

108.135609 696.537263 1
101.625454 691.894452 1

101.625454 691.894452 1
115.445027 673.557709 1

115.445027 673.557709 1
104.101046 666.088377 1

104.101046 666.088377 1
121.866557 652.224156 1

121.866557 652.224156 1
95.664425 636.731497 1

95.664425 636.731497 1
64.835497 654.498569 1

64.835497 654.498569 1
44.595046 642.307611 1

44.595046 642.307611 1
20.637926 598.510254 1

20.637926 598.510254 1
14.352648 614.567472 1

14.352648 614.567472 1
5.953807 647.673811 1

5.953807 647.673811 1
15.257640 682.870014 1

15.257640 682.870014 1
37.713795 680.387159 1

37.713795 680.387159 1
41.603143 683.696249 1

41.603143 683.696249 1
46.822806 684.459276 1

46.822806 684.459276 1
59.889806 688.582672 1

59.889806 688.582672 1
62.476856 700.050942 1

62.476856 700.050942 1
60.527442 707.737722 1

60.527442 707.737722 1
63.006530 713.830996 1

63.006530 713.830996 1
74.194234 731.186979 1

74.194234 731.186979 1
70.961198 734.783776 1

70.961198 734.783776 1
78.427143 755.409178 1

78.427143 755.409178 1
71.429545 759.981900 1

71.429545 759.981900 1
44.214270 772.353484 1

44.214270 772.353484 1
23.878279 727.804428 1

23.878279 727.804428 1
20.003030 720.167362 1

20.003030 720.167362 1
19.996597 721.233025 1

19.996597 721.233025 1
21.869204 740.102816 1

21.869204 740.102816 1
6.684762 742.341818 1

6.684762 742.341818 1
15.686690 764.122689 1

15.686690 764.122689 1
9.886148 798.659208 1

9.886148 798.659208 1
20.464167 847.056480 1

20.464167 847.056480 1
55.382215 817.123050 1

55.382215 817.123050 1
91.126978 827.115929 1

91.126978 827.115929 1
101.515172 861.963679 1

101.515172 861.963679 1
92.104920 859.877887 1

92.104920 859.877887 1
60.254328 864.892899 1

60.254328 864.892899 1
52.971670 892.726245 1

52.971670 892.726245 1
72.749920 905.542250 1

72.749920 905.542250 1
57.802686 913.021262 1

57.802686 913.021262 1
24.631539 961.049498 1

24.631539 961.049498 1
7.026531 983.064416 1

7.026531 983.064416 1
39.376994 981.018302 1

39.376994 981.018302 1
61.587419 993.317330 1

61.587419 993.317330 1
69.850103 980.289188 1

69.850103 980.289188 1
80.323480 984.048151 1

80.323480 984.048151 1
119.470796 980.170225 1

119.470796 980.170225 1
123.046661 973.055387 1

123.046661 973.055387 1
134.031281 974.314975 1

134.031281 974.314975 1
151.821179 958.294117 1

151.821179 958.294117 1
87.252632 925.612086 1

87.252632 925.612086 1
122.338920 920.187106 1

122.338920 920.187106 1
121.269728 918.403530 1

121.269728 918.403530 1
125.947516 933.343308 1

125.947516 933.343308 1
132.902244 936.536476 1

132.902244 936.536476 1
148.326064 914.931164 1

148.326064 914.931164 1
157.754725 898.909754 1

157.754725 898.909754 1
170.253062 915.422487 1

170.253062 915.422487 1
186.371739 906.747230 1

186.371739 906.747230 1
176.957350 900.347610 1

176.957350 900.347610 1
180.052323 885.443226 1

180.052323 885.443226 1
166.901182 871.909500 1

166.901182 871.909500 1
149.624169 869.260872 1

149.624169 869.260872 1
145.646606 854.175067 1

145.646606 854.175067 1
193.475505 858.678330 1

193.475505 858.678330 1
207.541585 894.460299 1

207.541585 894.460299 1
221.949683 871.053734 1

221.949683 871.053734 1
212.272074 938.630754 1

212.272074 938.630754 1
226.964329 944.015303 1

226.964329 944.015303 1
251.339218 918.127414 1

251.339218 918.127414 1
262.456407 918.557448 1

262.456407 918.557448 1
256.000511 943.178244 1

256.000511 943.178244 1
229.465004 980.169412 1

229.465004 980.169412 1
224.144220 982.271106 1

224.144220 982.271106 1
198.360963 976.147391 1

198.360963 976.147391 1
175.328360 992.767086 1

175.328360 992.767086 1
219.464120 990.769065 1

219.464120 990.769065 1
255.372618 978.487895 1

255.372618 978.487895 1
273.722883 997.129535 1

273.722883 997.129535 1
305.095327 996.184284 1

305.095327 996.184284 1
319.347903 981.929638 1

319.347903 981.929638 1
331.264167 966.641117 1

331.264167 966.641117 1
303.952056 973.785621 1

303.952056 973.785621 1
267.191169 937.265062 1

267.191169 937.265062 1
267.778132 932.889076 1

267.778132 932.889076 1
284.668503 895.058480 1

284.668503 895.058480 1
311.819428 910.048108 1

311.819428 910.048108 1
314.134258 889.982592 1

314.134258 889.982592 1
305.836664 851.152067 1

305.836664 851.152067 1
294.013557 861.433065 1

294.013557 861.433065 1
269.919556 879.341206 1

269.919556 879.341206 1
245.491203 862.230859 1

245.491203 862.230859 1
217.590675 853.939266 1

217.590675 853.939266 1
186.842614 801.542710 1

186.842614 801.542710 1
226.337358 789.697326 1

226.337358 789.697326 1
233.220819 765.310341 1

233.220819 765.310341 1
277.300940 739.228281 1

277.300940 739.228281 1
291.997284 750.943492 1

291.997284 750.943492 1
264.945386 793.590612 1

264.945386 793.590612 1
253.118548 804.393364 1

253.118548 804.393364 1
261.311773 836.692927 1

261.311773 836.692927 1
278.510571 811.225194 1

278.510571 811.225194 1
286.449060 793.642184 1

286.449060 793.642184 1
297.761217 784.722979 1

297.761217 784.722979 1
299.032152 783.072125 1

299.032152 783.072125 1
331.473089 776.132964 1

331.473089 776.132964 1
367.384892 766.381960 1

367.384892 766.381960 1
385.324707 790.552222 1

385.324707 790.552222 1
393.273010 796.128616 1

393.273010 796.128616 1
354.277802 814.320808 1

354.277802 814.320808 1
379.598709 838.026374 1

379.598709 838.026374 1
364.923294 870.882412 1

364.923294 870.882412 1
383.875584 865.851004 1

383.875584 865.851004 1
415.570564 867.745903 1

415.570564 867.745903 1
407.954192 849.055579 1

407.954192 849.055579 1
408.931482 845.503962 1

408.931482 845.503962 1
409.419366 819.977160 1

409.419366 819.977160 1
448.502946 836.640612 1

448.502946 836.640612 1
445.873951 885.994722 1

445.873951 885.994722 1
438.573122 904.034883 1

438.573122 904.034883 1
368.896136 940.660369 1

368.896136 940.660369 1
364.644966 946.779008 1

364.644966 946.779008 1
380.920755 949.778760 1

380.920755 949.778760 1
383.564539 971.792688 1

383.564539 971.792688 1
414.923371 988.475847 1

414.923371 988.475847 1
411.539606 958.149809 1

411.539606 958.149809 1
443.369381 934.393527 1

443.369381 934.393527 1
484.760287 930.544615 1

484.760287 930.544615 1
483.182519 883.538694 1

483.182519 883.538694 1
492.866136 887.012229 1

492.866136 887.012229 1
489.351423 865.397377 1

489.351423 865.397377 1
513.869421 869.125679 1

513.869421 869.125679 1
524.215860 901.050283 1

524.215860 901.050283 1
528.276232 902.160768 1

528.276232 902.160768 1
546.783417 902.728656 1

546.783417 902.728656 1
584.018393 923.062539 1

584.018393 923.062539 1
581.899290 917.200414 1

581.899290 917.200414 1
553.421121 961.941482 1

553.421121 961.941482 1
556.235790 963.708431 1

556.235790 963.708431 1
532.543101 971.236160 1

532.543101 971.236160 1
566.490298 983.552551 1

566.490298 983.552551 1
580.143892 999.081390 1

580.143892 999.081390 1
634.196529 970.402984 1

634.196529 970.402984 1
639.570146 937.855000 1

639.570146 937.855000 1
669.238624 942.590641 1

669.238624 942.590641 1
670.973031 943.616353 1

670.973031 943.616353 1
662.503857 980.880772 1

662.503857 980.880772 1
686.248705 964.187725 1

686.248705 964.187725 1
718.527833 997.526799 1

718.527833 997.526799 1
729.062603 978.910396 1

729.062603 978.910396 1
718.390880 944.234652 1

718.390880 944.234652 1
679.864962 932.786773 1

679.864962 932.786773 1
677.285704 924.858297 1

677.285704 924.858297 1
698.057964 927.498555 1

698.057964 927.498555 1
686.145266 913.223979 1

686.145266 913.223979 1
687.096517 907.441349 1

687.096517 907.441349 1
747.277426 881.622442 1

747.277426 881.622442 1
783.888504 874.956814 1

783.888504 874.956814 1
791.304144 863.702410 1

791.304144 863.702410 1
823.470530 925.320771 1

823.470530 925.320771 1
832.170369 928.821623 1

832.170369 928.821623 1
781.372674 994.118748 1

781.372674 994.118748 1
785.726751 994.614593 1

785.726751 994.614593 1
805.924472 991.805404 1

805.924472 991.805404 1
813.488529 985.184485 1

813.488529 985.184485 1
835.300378 983.876397 1

835.300378 983.876397 1
837.239483 971.244904 1

837.239483 971.244904 1
860.952237 992.712456 1

860.952237 992.712456 1
863.593621 966.002115 1

863.593621 966.002115 1
881.165570 954.714859 1

881.165570 954.714859 1
858.465859 931.890796 1

858.465859 931.890796 1
842.937917 893.543337 1

842.937917 893.543337 1
878.340305 893.297950 1

878.340305 893.297950 1
896.615309 900.659900 1

896.615309 900.659900 1
908.595841 894.739307 1

908.595841 894.739307 1
911.425727 919.678437 1

911.425727 919.678437 1
935.754633 906.741771 1

935.754633 906.741771 1
950.974692 921.080940 1

950.974692 921.080940 1
946.706106 967.176499 1

946.706106 967.176499 1
976.437782 985.323673 1

976.437782 985.323673 1
984.200307 939.512021 1

984.200307 939.512021 1
991.430851 954.332650 1

991.430851 954.332650 1
991.203475 944.220514 1

991.203475 944.220514 1
983.821823 927.033950 1

983.821823 927.033950 1
990.488684 913.548532 1

990.488684 913.548532 1
982.427431 857.364631 1

982.427431 857.364631 1
992.529931 840.351470 1

