612.269527 527.080402 0
593.502745 537.249207 0

593.502745 537.249207 1
612.134493 559.182570 1

612.134493 559.182570 1
604.736547 558.661062 1

604.736547 558.661062 1
575.325543 559.305794 1

575.325543 559.305794 1
552.559697 555.852526 1

552.559697 555.852526 1
568.516924 582.452312 1

568.516924 582.452312 1
577.771452 572.593658 1

577.771452 572.593658 1
581.062797 576.206116 1

581.062797 576.206116 1
581.885808 589.369057 1

581.885808 589.369057 1
599.148535 582.042678 1

599.148535 582.042678 1
602.447310 581.056138 1

602.447310 581.056138 1
613.256763 579.279865 1

613.256763 579.279865 1
623.659217 596.936348 1

623.659217 596.936348 1
601.899123 621.854894 1

601.899123 621.854894 1
605.691748 646.449842 1

605.691748 646.449842 1
640.474615 645.968238 1

640.474615 645.968238 1
627.756128 662.242234 1

627.756128 662.242234 1
610.634131 677.547830 1

610.634131 677.547830 1
596.298363 691.485755 1

596.298363 691.485755 1
572.158537 711.244562 1

572.158537 711.244562 1
551.592703 720.502446 1

551.592703 720.502446 1
567.296011 724.002385 1

567.296011 724.002385 1
571.999502 736.430094 1

571.999502 736.430094 1
560.484162 735.996512 1

560.484162 735.996512 1
540.452544 775.658816 1

540.452544 775.658816 1
541.336148 797.481118 1

541.336148 797.481118 1
557.047121 801.935220 1

557.047121 801.935220 1
559.990535 814.948677 1

559.990535 814.948677 1
531.163821 813.851454 1

531.163821 813.851454 1
540.053815 822.930626 1

540.053815 822.930626 1
547.776509 834.489429 1

547.776509 834.489429 1
567.058895 837.010653 1

567.058895 837.010653 1
583.574381 796.865078 1

583.574381 796.865078 1
631.086367 824.274747 1

631.086367 824.274747 1
639.932348 796.321949 1

639.932348 796.321949 1
651.019433 784.956284 1

651.019433 784.956284 1
644.500512 783.598096 1

644.500512 783.598096 1
639.024888 775.939720 1

639.024888 775.939720 1
635.458316 771.917128 1

635.458316 771.917128 1
623.359988 744.196658 1

623.359988 744.196658 1
628.898307 740.965628 1

628.898307 740.965628 1
628.558910 734.392342 1

628.558910 734.392342 1
636.309481 732.728326 1

636.309481 732.728326 1
652.227591 737.778083 1

652.227591 737.778083 1
651.225618 726.755212 1

651.225618 726.755212 1
669.399110 719.314686 1

669.399110 719.314686 1
681.248993 712.062202 1

681.248993 712.062202 1
668.655034 742.618721 1

668.655034 742.618721 1
686.958854 757.637092 1

686.958854 757.637092 1
668.398817 807.926112 1

668.398817 807.926112 1
679.717758 833.095005 1

679.717758 833.095005 1
692.711373 841.636178 1

692.711373 841.636178 1
689.204860 849.998660 1

689.204860 849.998660 1
683.256939 866.304536 1

683.256939 866.304536 1
677.250012 890.008409 1

677.250012 890.008409 1
696.604167 898.866159 1

696.604167 898.866159 1
700.164191 902.274420 1

700.164191 902.274420 1
683.556553 904.754745 1

683.556553 904.754745 1
635.694831 909.234132 1

635.694831 909.234132 1
638.102467 859.828590 1

638.102467 859.828590 1
635.587530 841.194609 1

635.587530 841.194609 1
606.450058 880.218197 1

606.450058 880.218197 1
586.876700 874.852964 1

586.876700 874.852964 1
580.597413 862.927046 1

580.597413 862.927046 1
556.868479 900.765390 1

556.868479 900.765390 1
573.355803 918.516401 1

573.355803 918.516401 1
584.349736 965.252928 1

584.349736 965.252928 1
592.141348 972.424121 1

592.141348 972.424121 1
621.209484 947.200383 1

621.209484 947.200383 1
652.828558 932.741076 1

652.828558 932.741076 1
676.716219 948.234630 1

676.716219 948.234630 1
682.920106 954.178796 1

682.920106 954.178796 1
687.694948 930.493952 1

687.694948 930.493952 1
692.721982 940.335936 1

692.721982 940.335936 1
703.857031 948.089303 1

703.857031 948.089303 1
699.430600 971.478096 1

699.430600 971.478096 1
680.817629 981.017689 1

680.817629 981.017689 1
674.886916 983.990024 1

674.886916 983.990024 1
663.155475 987.765189 1

663.155475 987.765189 1
682.650067 995.311467 1

682.650067 995.311467 1
719.963218 997.776050 1

719.963218 997.776050 1
728.322220 999.119428 1

728.322220 999.119428 1
731.964707 973.632632 1

731.964707 973.632632 1
768.817025 956.137631 1

768.817025 956.137631 1
780.050560 944.027226 1

780.050560 944.027226 1
797.946646 955.894855 1

797.946646 955.894855 1
906.655862 978.995454 1

906.655862 978.995454 1
912.826195 997.813954 1

912.826195 997.813954 1
952.399704 991.750182 1

952.399704 991.750182 1
953.507226 976.002248 1

953.507226 976.002248 1
980.797098 957.070676 1

980.797098 957.070676 1
993.343858 949.100208 1

993.343858 949.100208 1
984.662414 882.319347 1

984.662414 882.319347 1
962.320005 912.968331 1

962.320005 912.968331 1
942.177104 936.054895 1

942.177104 936.054895 1
934.674859 911.978338 1

934.674859 911.978338 1
904.645177 925.891200 1

904.645177 925.891200 1
883.466420 952.628557 1

883.466420 952.628557 1
855.265927 918.199450 1

855.265927 918.199450 1
838.120545 946.654474 1

838.120545 946.654474 1
836.241847 946.234236 1

836.241847 946.234236 1
812.254323 923.627610 1

812.254323 923.627610 1
790.185306 918.426982 1

790.185306 918.426982 1
789.111494 916.394753 1

789.111494 916.394753 1
767.604972 939.406518 1

767.604972 939.406518 1
766.999399 902.638766 1

766.999399 902.638766 1
792.409014 852.041323 1

792.409014 852.041323 1
829.116097 807.266758 1

829.116097 807.266758 1
800.774579 810.630072 1

800.774579 810.630072 1
780.741725 821.053935 1

780.741725 821.053935 1
769.635280 820.109962 1

769.635280 820.109962 1
751.397487 830.811657 1

751.397487 830.811657 1
746.814198 858.419259 1

746.814198 858.419259 1
741.158503 841.012535 1

741.158503 841.012535 1
732.567928 822.531857 1

732.567928 822.531857 1
709.241939 802.756745 1

709.241939 802.756745 1
728.063216 786.822970 1

728.063216 786.822970 1
738.663277 790.225273 1

738.663277 790.225273 1
742.717825 784.739093 1

742.717825 784.739093 1
726.424858 762.347555 1

726.424858 762.347555 1
716.456261 739.629564 1

716.456261 739.629564 1
718.045471 726.008511 1

718.045471 726.008511 1
690.711702 724.983284 1

690.711702 724.983284 1
697.291799 715.125964 1

697.291799 715.125964 1
719.189560 710.994128 1

719.189560 710.994128 1
746.298055 732.995655 1

746.298055 732.995655 1
747.307981 734.381100 1

747.307981 734.381100 1
763.394805 741.510888 1

763.394805 741.510888 1
771.766590 755.327188 1

771.766590 755.327188 1
782.530691 750.946740 1

782.530691 750.946740 1
811.184673 742.498399 1

811.184673 742.498399 1
834.946010 763.680163 1

834.946010 763.680163 1
839.403029 770.098613 1

839.403029 770.098613 1
856.307448 807.504976 1

856.307448 807.504976 1
844.442142 827.406187 1

844.442142 827.406187 1
851.683115 851.265288 1

851.683115 851.265288 1
856.370480 845.967218 1

856.370480 845.967218 1
868.447220 840.303683 1

868.447220 840.303683 1
876.284876 828.087727 1

876.284876 828.087727 1
901.293778 811.878068 1

901.293778 811.878068 1
915.522141 807.725500 1

915.522141 807.725500 1
956.730491 820.965123 1

956.730491 820.965123 1
972.578087 828.469530 1

972.578087 828.469530 1
985.981956 816.902622 1

985.981956 816.902622 1
978.973361 812.015247 1

978.973361 812.015247 1
984.316398 769.878061 1

984.316398 769.878061 1
978.649674 759.227367 1

978.649674 759.227367 1
975.653459 754.603934 1

975.653459 754.603934 1
972.830128 744.599914 1

972.830128 744.599914 1
968.944106 740.588938 1

968.944106 740.588938 1
971.706956 738.868996 1

971.706956 738.868996 1
979.832605 739.889824 1

979.832605 739.889824 1
991.276056 724.191806 1

991.276056 724.191806 1
997.067627 718.126771 1

997.067627 718.126771 1
991.829260 700.189822 1

991.829260 700.189822 1
989.112019 705.978924 1

989.112019 705.978924 1
968.353689 709.710505 1

968.353689 709.710505 1
963.711178 708.824872 1

963.711178 708.824872 1
951.599211 695.189460 1

951.599211 695.189460 1
967.746287 681.294776 1

967.746287 681.294776 1
977.315273 675.994440 1

977.315273 675.994440 1
957.619898 673.137536 1

957.619898 673.137536 1
958.853593 659.640392 1

958.853593 659.640392 1
937.126193 672.472761 1

937.126193 672.472761 1
924.612124 658.870522 1

924.612124 658.870522 1
940.600195 638.811838 1

940.600195 638.811838 1
981.605830 583.875469 1

981.605830 583.875469 1
978.775005 582.731610 1

978.775005 582.731610 1
936.865951 571.379820 1

936.865951 571.379820 1
930.510357 544.936561 1

930.510357 544.936561 1
917.686627 548.617329 1

917.686627 548.617329 1
898.936106 555.180446 1

898.936106 555.180446 1
868.907289 556.014619 1

868.907289 556.014619 1
857.251126 574.568215 1

857.251126 574.568215 1
861.658475 592.531361 1

861.658475 592.531361 1
875.944382 610.510729 1

875.944382 610.510729 1
898.038507 595.202576 1

898.038507 595.202576 1
903.505945 630.003121 1

903.505945 630.003121 1
887.065454 651.216664 1

887.065454 651.216664 1
896.648738 677.449836 1

896.648738 677.449836 1
902.576216 678.894342 1

902.576216 678.894342 1
898.862793 704.651150 1

898.862793 704.651150 1
906.321364 712.656891 1

906.321364 712.656891 1
939.780996 721.673697 1

939.780996 721.673697 1
935.022737 734.797438 1

935.022737 734.797438 1
937.008459 742.920110 1

937.008459 742.920110 1
944.468428 741.384284 1

944.468428 741.384284 1
943.672291 758.611750 1

943.672291 758.611750 1
918.857368 749.602244 1

918.857368 749.602244 1
917.268230 758.450962 1

917.268230 758.450962 1
890.905783 771.390628 1

890.905783 771.390628 1
892.397000 762.074606 1

892.397000 762.074606 1
894.631277 746.332600 1

894.631277 746.332600 1
870.421776 718.141208 1

870.421776 718.141208 1
839.047940 706.467227 1

839.047940 706.467227 1
853.191287 685.444903 1

853.191287 685.444903 1
843.270555 673.652485 1

843.270555 673.652485 1
834.921241 666.868070 1

834.921241 666.868070 1
831.803234 621.378057 1

831.803234 621.378057 1
819.913902 601.509547 1

819.913902 601.509547 1
838.670900 589.858362 1

838.670900 589.858362 1
838.889565 555.705922 1

838.889565 555.705922 1
856.233214 544.081160 1

856.233214 544.081160 1
865.303697 519.672838 1

865.303697 519.672838 1
847.767145 509.617330 1

847.767145 509.617330 1
852.134105 503.957764 1

852.134105 503.957764 1
850.727585 497.706908 1

850.727585 497.706908 1
843.835949 489.024957 1

843.835949 489.024957 1
830.048077 525.007844 1

830.048077 525.007844 1
811.173410 530.683151 1

811.173410 530.683151 1
769.215598 623.454227 1

769.215598 623.454227 1
774.900152 625.277771 1

774.900152 625.277771 1
787.557383 626.980451 1

787.557383 626.980451 1
782.533982 633.996612 1

782.533982 633.996612 1
782.269206 649.577320 1

782.269206 649.577320 1
762.072358 675.629881 1

762.072358 675.629881 1
754.576932 705.612100 1

754.576932 705.612100 1
750.812846 645.197768 1

750.812846 645.197768 1
713.602508 669.089745 1

713.602508 669.089745 1
712.742777 667.636285 1

712.742777 667.636285 1
706.493096 670.777782 1

706.493096 670.777782 1
688.986612 689.791669 1

688.986612 689.791669 1
685.120571 685.784086 1

685.120571 685.784086 1
674.397194 677.587577 1

674.397194 677.587577 1
675.076854 612.372679 1

675.076854 612.372679 1
680.476678 599.735773 1

680.476678 599.735773 1
651.346375 566.106801 1

651.346375 566.106801 1
665.432789 541.641186 1

665.432789 541.641186 1
690.196880 574.299200 1

690.196880 574.299200 1
693.092549 587.938154 1

693.092549 587.938154 1
710.031914 590.280121 1

710.031914 590.280121 1
720.627051 566.812576 1

720.627051 566.812576 1
727.245424 549.926223 1

727.245424 549.926223 1
712.430575 533.474730 1

712.430575 533.474730 1
733.052008 510.164723 1

733.052008 510.164723 1
724.340252 507.647427 1

724.340252 507.647427 1
724.241965 486.459692 1

724.241965 486.459692 1
737.977242 479.629025 1

737.977242 479.629025 1
765.482069 517.807262 1

765.482069 517.807262 1
808.754482 473.911679 1

808.754482 473.911679 1
808.008698 446.088118 1

808.008698 446.088118 1
773.125762 444.967948 1

773.125762 444.967948 1
765.562007 399.985731 1

765.562007 399.985731 1
765.884020 394.774204 1

765.884020 394.774204 1
796.661667 409.000563 1

796.661667 409.000563 1
805.976971 412.674591 1

805.976971 412.674591 1
817.618822 403.684274 1

817.618822 403.684274 1
820.236071 395.453380 1

820.236071 395.453380 1
841.334706 372.988134 1

841.334706 372.988134 1
880.810033 387.957710 1

880.810033 387.957710 1
906.313492 397.990505 1

906.313492 397.990505 1
893.899408 400.419958 1

893.899408 400.419958 1
885.050418 405.071077 1

885.050418 405.071077 1
866.666563 407.414699 1

866.666563 407.414699 1
852.631464 421.448797 1

852.631464 421.448797 1
864.875113 423.716570 1

864.875113 423.716570 1
862.110240 440.940233 1

862.110240 440.940233 1
857.779404 443.984029 1

857.779404 443.984029 1
856.466879 463.585974 1

856.466879 463.585974 1
873.654985 457.025156 1

873.654985 457.025156 1
892.260216 476.257509 1

892.260216 476.257509 1
922.191066 474.244732 1

922.191066 474.244732 1
918.928565 494.079333 1

918.928565 494.079333 1
920.183773 493.755625 1

920.183773 493.755625 1
982.146037 499.695279 1

982.146037 499.695279 1
985.656505 478.476782 1

985.656505 478.476782 1
995.194343 465.585445 1

995.194343 465.585445 1
962.242159 455.398208 1

962.242159 455.398208 1
948.824864 456.528509 1

948.824864 456.528509 1
947.303016 428.616819 1

947.303016 428.616819 1
946.835402 419.796303 1

946.835402 419.796303 1
975.182125 425.367892 1

975.182125 425.367892 1
973.670547 410.753123 1

973.670547 410.753123 1
978.727529 387.337248 1

978.727529 387.337248 1
963.253645 365.097766 1

963.253645 365.097766 1
952.816997 367.472748 1

952.816997 367.472748 1
941.657825 345.513590 1

941.657825 345.513590 1
938.547197 328.264952 1

938.547197 328.264952 1
947.752579 329.232598 1

947.752579 329.232598 1
963.267199 330.189621 1

963.267199 330.189621 1
976.701281 328.474056 1

976.701281 328.474056 1
972.408263 296.175062 1

972.408263 296.175062 1
984.108840 266.211760 1

984.108840 266.211760 1
995.897648 231.421466 1

995.897648 231.421466 1
998.807225 217.910205 1

998.807225 217.910205 1
972.643846 199.612681 1

972.643846 199.612681 1
960.063905 224.694619 1

960.063905 224.694619 1
965.017310 226.808485 1

965.017310 226.808485 1
966.021089 227.260726 1

966.021089 227.260726 1
968.845102 249.708962 1

968.845102 249.708962 1
943.860566 266.448352 1

943.860566 266.448352 1
935.646578 309.385016 1

935.646578 309.385016 1
914.971907 313.975236 1

914.971907 313.975236 1
909.015616 311.168662 1

909.015616 311.168662 1
812.985327 340.130502 1

812.985327 340.130502 1
797.234216 357.434440 1

797.234216 357.434440 1
786.506036 376.957463 1

786.506036 376.957463 1
789.913847 313.614062 1

789.913847 313.614062 1
776.375804 299.118342 1

776.375804 299.118342 1
782.292247 298.788257 1

782.292247 298.788257 1
814.635652 293.214198 1

814.635652 293.214198 1
838.540203 268.842910 1

838.540203 268.842910 1
838.367723 259.152583 1

838.367723 259.152583 1
854.252883 282.099096 1

854.252883 282.099096 1
888.128171 252.723888 1

888.128171 252.723888 1
891.950100 236.453382 1

891.950100 236.453382 1
892.192526 185.849645 1

892.192526 185.849645 1
928.230176 178.507530 1

928.230176 178.507530 1
939.230688 195.561027 1

939.230688 195.561027 1
938.563242 179.303298 1

938.563242 179.303298 1
946.833954 157.535908 1

946.833954 157.535908 1
958.917827 156.243148 1

958.917827 156.243148 1
971.822474 136.467694 1

971.822474 136.467694 1
979.510203 138.263177 1

979.510203 138.263177 1
972.872449 126.079202 1

972.872449 126.079202 1
927.844403 91.966498 1

927.844403 91.966498 1
926.964542 74.204278 1

926.964542 74.204278 1
986.433247 17.756185 1

986.433247 17.756185 1
994.060051 8.915510 1

994.060051 8.915510 1
964.786090 16.707951 1

964.786090 16.707951 1
874.514500 8.748530 1

874.514500 8.748530 1
877.216139 13.121122 1

877.216139 13.121122 1
879.357866 24.869797 1

879.357866 24.869797 1
868.999313 38.538273 1

868.999313 38.538273 1
878.728582 48.544841 1

878.728582 48.544841 1
878.547105 64.966710 1

878.547105 64.966710 1
855.579066 56.846641 1

855.579066 56.846641 1
861.957843 32.382834 1

861.957843 32.382834 1
865.065968 16.913503 1

865.065968 16.913503 1
861.023209 0.875393 1

861.023209 0.875393 1
816.812664 27.342037 1

816.812664 27.342037 1
815.714675 58.336904 1

815.714675 58.336904 1
802.717403 45.931274 1

802.717403 45.931274 1
782.425397 42.136793 1

782.425397 42.136793 1
774.880506 26.515805 1

774.880506 26.515805 1
758.706286 21.908896 1

758.706286 21.908896 1
758.776698 55.901770 1

758.776698 55.901770 1
721.600884 61.736668 1

721.600884 61.736668 1
718.580542 42.754747 1

718.580542 42.754747 1
689.373577 58.888291 1

689.373577 58.888291 1
674.462211 48.455002 1

674.462211 48.455002 1
647.328067 117.774422 1

647.328067 117.774422 1
680.869180 134.441476 1

680.869180 134.441476 1
694.725889 112.186007 1

694.725889 112.186007 1
713.670007 129.316177 1

713.670007 129.316177 1
753.029266 146.140208 1

753.029266 146.140208 1
773.389936 151.955653 1

773.389936 151.955653 1
763.141896 141.789652 1

763.141896 141.789652 1
764.292224 115.258909 1

764.292224 115.258909 1
777.640966 118.617440 1

777.640966 118.617440 1
827.067288 82.499227 1

827.067288 82.499227 1
838.410877 107.359541 1

838.410877 107.359541 1
844.708753 97.649392 1

844.708753 97.649392 1
865.641656 79.684340 1

865.641656 79.684340 1
877.275387 101.018756 1

877.275387 101.018756 1
850.518085 124.200188 1

850.518085 124.200188 1
839.412227 114.644227 1

839.412227 114.644227 1
826.095272 134.188391 1

826.095272 134.188391 1
834.105038 155.760478 1

834.105038 155.760478 1
823.981739 180.663196 1

823.981739 180.663196 1
818.376662 186.711976 1

818.376662 186.711976 1
817.275713 200.065689 1

817.275713 200.065689 1
843.810318 198.381593 1

843.810318 198.381593 1
830.567191 215.895600 1

830.567191 215.895600 1
832.322120 227.386934 1

832.322120 227.386934 1
800.065779 225.303090 1

800.065779 225.303090 1
794.105792 235.448301 1

794.105792 235.448301 1
761.842091 243.288605 1

761.842091 243.288605 1
761.898363 225.614366 1

761.898363 225.614366 1
729.324507 229.062759 1

729.324507 229.062759 1
673.418861 241.579948 1

673.418861 241.579948 1
666.614662 230.279798 1

666.614662 230.279798 1
660.529856 222.580181 1

660.529856 222.580181 1
685.192739 210.405643 1

685.192739 210.405643 1
691.455924 203.386801 1

691.455924 203.386801 1
706.977850 194.687675 1

706.977850 194.687675 1
722.827742 191.176146 1

722.827742 191.176146 1
715.749766 159.244871 1

715.749766 159.244871 1
685.525696 156.017014 1

685.525696 156.017014 1
659.190525 164.798132 1

659.190525 164.798132 1
646.327040 159.069857 1

646.327040 159.069857 1
612.262788 144.123335 1

612.262788 144.123335 1
623.496156 110.817714 1

623.496156 110.817714 1
625.375567 90.407755 1

625.375567 90.407755 1
615.468427 68.668466 1

615.468427 68.668466 1
642.901968 66.929267 1

642.901968 66.929267 1
641.614278 65.078639 1

641.614278 65.078639 1
640.264971 47.211323 1

640.264971 47.211323 1
614.782044 39.919897 1

614.782044 39.919897 1
607.170854 5.364975 1

607.170854 5.364975 1
586.862215 6.927115 1

586.862215 6.927115 1
562.052235 10.392162 1

562.052235 10.392162 1
568.067019 27.918082 1

568.067019 27.918082 1
557.207394 44.088607 1

557.207394 44.088607 1
551.126811 16.000862 1

551.126811 16.000862 1
544.565692 21.415609 1

544.565692 21.415609 1
504.595126 13.703555 1

504.595126 13.703555 1
476.937966 16.293580 1

476.937966 16.293580 1
465.123654 1.595959 1

465.123654 1.595959 1
443.256903 14.281002 1

443.256903 14.281002 1
453.033576 33.560525 1

453.033576 33.560525 1
451.821876 43.037900 1

451.821876 43.037900 1
399.396728 33.488313 1

399.396728 33.488313 1
385.199176 28.555080 1

385.199176 28.555080 1
376.582694 28.337617 1

376.582694 28.337617 1
345.179667 47.894781 1

345.179667 47.894781 1
314.842773 46.145632 1

314.842773 46.145632 1
327.059823 38.757171 1

327.059823 38.757171 1
332.398699 19.190056 1

332.398699 19.190056 1
298.028151 2.817817 1

298.028151 2.817817 1
285.188257 1.449883 1

285.188257 1.449883 1
275.152104 24.338851 1

275.152104 24.338851 1
261.998812 20.676070 1

261.998812 20.676070 1
261.429053 12.215126 1

261.429053 12.215126 1
249.501727 10.561206 1

249.501727 10.561206 1
250.167718 37.282104 1

250.167718 37.282104 1
274.453327 48.797326 1

274.453327 48.797326 1
313.744341 82.083382 1

313.744341 82.083382 1
335.732285 111.478753 1

335.732285 111.478753 1
327.930902 182.309125 1

327.930902 182.309125 1
365.288804 205.289873 1

365.288804 205.289873 1
320.333625 219.484905 1

320.333625 219.484905 1
280.621190 223.238798 1

280.621190 223.238798 1
230.484469 254.714392 1

230.484469 254.714392 1
245.443806 220.124561 1

245.443806 220.124561 1
256.924301 203.451900 1

256.924301 203.451900 1
291.368036 172.581793 1

291.368036 172.581793 1
296.926492 150.963852 1

296.926492 150.963852 1
308.557727 139.223384 1

308.557727 139.223384 1
291.989230 136.307206 1

291.989230 136.307206 1
285.902905 125.731853 1

285.902905 125.731853 1
294.766841 121.016970 1

294.766841 121.016970 1
310.350143 108.621888 1

310.350143 108.621888 1
291.380231 91.136701 1

291.380231 91.136701 1
272.194038 76.933008 1

272.194038 76.933008 1
222.688578 73.289705 1

222.688578 73.289705 1
248.333064 115.262426 1

248.333064 115.262426 1
258.541833 125.503785 1

258.541833 125.503785 1
236.878791 131.447016 1

236.878791 131.447016 1
233.886677 169.132074 1

233.886677 169.132074 1
220.147820 145.752456 1

220.147820 145.752456 1
216.542958 123.667042 1

216.542958 123.667042 1
203.248959 110.747991 1

203.248959 110.747991 1
168.437183 110.511596 1

168.437183 110.511596 1
156.771167 106.324046 1

156.771167 106.324046 1
156.003770 100.448726 1

156.003770 100.448726 1
128.894542 92.378301 1

128.894542 92.378301 1
68.500638 138.029971 1

68.500638 138.029971 1
51.215361 109.548892 1

51.215361 109.548892 1
71.939147 83.474622 1

71.939147 83.474622 1
67.998360 77.950865 1

67.998360 77.950865 1
99.696146 72.772384 1

99.696146 72.772384 1
105.441934 68.368220 1

105.441934 68.368220 1
114.782993 67.631548 1

114.782993 67.631548 1
125.509501 76.114277 1

125.509501 76.114277 1
137.331347 78.796672 1

137.331347 78.796672 1
171.414160 50.289600 1

171.414160 50.289600 1
192.257072 52.392641 1

192.257072 52.392641 1
193.818295 44.577254 1

193.818295 44.577254 1
214.840171 7.788563 1

214.840171 7.788563 1
197.712232 13.935942 1

197.712232 13.935942 1
194.229949 14.512764 1

194.229949 14.512764 1
189.780668 6.010144 1

189.780668 6.010144 1
179.863418 23.577071 1

179.863418 23.577071 1
159.355858 27.929171 1

159.355858 27.929171 1
159.502504 2.728479 1

159.502504 2.728479 1
95.685202 1.666480 1

95.685202 1.666480 1
45.576373 12.493232 1

45.576373 12.493232 1
33.621147 21.737292 1

33.621147 21.737292 1
9.901103 4.288645 1

9.901103 4.288645 1
26.429174 31.168393 1

26.429174 31.168393 1
31.434567 39.749522 1

31.434567 39.749522 1
32.268948 54.494381 1

32.268948 54.494381 1
3.074064 81.301219 1

3.074064 81.301219 1
0.122802 116.799898 1

0.122802 116.799898 1
23.751919 121.816238 1

23.751919 121.816238 1
24.435632 132.125452 1

24.435632 132.125452 1
6.099759 162.431825 1

6.099759 162.431825 1
26.461528 161.114212 1

26.461528 161.114212 1
30.071279 176.565994 1

30.071279 176.565994 1
11.606039 195.267538 1

11.606039 195.267538 1
37.147349 202.317205 1

37.147349 202.317205 1
81.137274 235.878080 1

81.137274 235.878080 1
104.398680 212.665747 1

104.398680 212.665747 1
129.111686 213.883286 1

129.111686 213.883286 1
137.674553 196.787611 1

137.674553 196.787611 1
131.425261 178.973436 1

131.425261 178.973436 1
151.848965 170.786476 1

151.848965 170.786476 1
158.848401 162.405893 1

158.848401 162.405893 1
166.299149 172.542651 1

166.299149 172.542651 1
189.269527 199.423621 1

189.269527 199.423621 1
170.498746 206.606291 1

170.498746 206.606291 1
178.308623 233.200254 1

178.308623 233.200254 1
159.134592 236.676129 1

159.134592 236.676129 1
158.190071 242.745386 1

158.190071 242.745386 1
155.926677 240.821550 1

155.926677 240.821550 1
141.374462 233.507834 1

141.374462 233.507834 1
132.675296 237.303998 1

132.675296 237.303998 1
118.030207 258.478749 1

118.030207 258.478749 1
108.283193 264.161958 1

108.283193 264.161958 1
95.368189 282.689098 1

95.368189 282.689098 1
68.832106 265.602786 1

68.832106 265.602786 1
55.909982 249.834933 1

55.909982 249.834933 1
37.120576 254.124680 1

37.120576 254.124680 1
15.609207 277.711865 1

15.609207 277.711865 1
11.566347 329.625963 1

11.566347 329.625963 1
19.030661 342.736996 1

19.030661 342.736996 1
24.493607 343.906076 1

24.493607 343.906076 1
33.265110 340.166512 1

33.265110 340.166512 1
35.443054 330.763450 1

35.443054 330.763450 1
41.757162 322.724132 1

41.757162 322.724132 1
39.069816 313.970720 1

39.069816 313.970720 1
46.226537 294.808276 1

46.226537 294.808276 1
60.211882 285.761044 1

60.211882 285.761044 1
76.522221 299.130652 1

76.522221 299.130652 1
86.291062 323.152460 1

86.291062 323.152460 1
89.344536 329.151772 1

89.344536 329.151772 1
120.570753 311.168587 1

120.570753 311.168587 1
141.000767 289.732261 1

141.000767 289.732261 1
149.423800 307.877476 1

149.423800 307.877476 1
180.337549 330.740727 1

180.337549 330.740727 1
194.608832 315.669115 1

194.608832 315.669115 1
199.368908 294.212408 1

199.368908 294.212408 1
217.827172 311.662200 1

217.827172 311.662200 1
227.235567 345.451448 1

227.235567 345.451448 1
219.681882 353.661961 1

219.681882 353.661961 1
198.979227 366.892681 1

198.979227 366.892681 1
148.610209 365.203654 1

148.610209 365.203654 1
176.243302 387.568169 1

176.243302 387.568169 1
166.720470 416.768467 1

166.720470 416.768467 1
130.915386 427.611603 1

130.915386 427.611603 1
134.720907 432.540616 1

134.720907 432.540616 1
130.007770 449.172264 1

130.007770 449.172264 1
131.814313 468.282750 1

131.814313 468.282750 1
141.567490 479.558883 1

141.567490 479.558883 1
149.044015 534.347988 1

149.044015 534.347988 1
77.723852 503.561209 1

77.723852 503.561209 1
57.603486 502.148424 1

57.603486 502.148424 1
75.224803 485.614492 1

75.224803 485.614492 1
92.916018 441.887453 1

92.916018 441.887453 1
77.598244 414.698918 1

77.598244 414.698918 1
94.104055 411.996966 1

94.104055 411.996966 1
116.448933 371.187584 1

116.448933 371.187584 1
119.960375 352.292490 1

119.960375 352.292490 1
97.153873 381.112351 1

97.153873 381.112351 1
64.664437 386.299721 1

64.664437 386.299721 1
20.121665 394.490487 1

20.121665 394.490487 1
27.955693 418.118221 1

27.955693 418.118221 1
55.634127 471.382383 1

55.634127 471.382383 1
23.362481 469.439291 1

23.362481 469.439291 1
1.843703 487.569240 1

1.843703 487.569240 1
13.786145 527.003170 1

13.786145 527.003170 1
15.873551 561.125232 1

15.873551 561.125232 1
14.182373 632.379613 1

14.182373 632.379613 1
7.967483 637.049173 1

7.967483 637.049173 1
3.901985 706.414751 1

3.901985 706.414751 1
10.817854 743.535144 1

10.817854 743.535144 1
11.243931 796.062780 1

11.243931 796.062780 1
31.627798 810.663349 1

31.627798 810.663349 1
29.768046 791.736376 1

29.768046 791.736376 1
44.763703 783.115851 1

44.763703 783.115851 1
78.446263 778.733364 1

78.446263 778.733364 1
31.046823 741.731956 1

31.046823 741.731956 1
24.053747 714.480983 1

24.053747 714.480983 1
40.134902 689.920232 1

40.134902 689.920232 1
20.329071 651.151787 1

20.329071 651.151787 1
38.497058 642.478467 1

38.497058 642.478467 1
34.694206 627.017312 1

34.694206 627.017312 1
59.850504 640.705138 1

59.850504 640.705138 1
55.229790 609.511215 1

55.229790 609.511215 1
92.949022 567.004656 1

92.949022 567.004656 1
110.437779 591.843745 1

110.437779 591.843745 1
119.442505 599.567960 1

119.442505 599.567960 1
128.221844 613.199856 1

128.221844 613.199856 1
130.332887 618.609655 1

130.332887 618.609655 1
121.740969 640.526868 1

121.740969 640.526868 1
92.814075 655.281943 1

92.814075 655.281943 1
74.078385 668.618698 1

74.078385 668.618698 1
73.584581 672.514184 1

73.584581 672.514184 1
72.892718 684.457808 1

72.892718 684.457808 1
101.249584 685.708318 1

101.249584 685.708318 1
100.613624 701.047074 1

100.613624 701.047074 1
157.201115 698.421583 1

157.201115 698.421583 1
166.100131 692.594315 1

166.100131 692.594315 1
170.922269 689.883582 1

170.922269 689.883582 1
151.768782 723.049190 1

151.768782 723.049190 1
141.163454 731.940905 1

141.163454 731.940905 1
146.908737 734.270839 1

146.908737 734.270839 1
174.877631 747.489850 1

174.877631 747.489850 1
184.538516 719.971659 1

184.538516 719.971659 1
198.837192 730.517773 1

198.837192 730.517773 1
221.940827 690.617524 1

221.940827 690.617524 1
222.587678 686.555803 1

222.587678 686.555803 1
217.474354 676.434812 1

217.474354 676.434812 1
199.910620 662.295662 1

199.910620 662.295662 1
209.208657 640.901686 1

209.208657 640.901686 1
210.874825 621.660165 1

210.874825 621.660165 1
228.178682 632.410209 1

228.178682 632.410209 1
230.512642 630.510214 1

230.512642 630.510214 1
248.544643 637.606418 1

248.544643 637.606418 1
250.876809 643.416562 1

250.876809 643.416562 1
276.399430 677.054223 1

276.399430 677.054223 1
271.629864 688.065301 1

271.629864 688.065301 1
266.162199 708.459465 1

266.162199 708.459465 1
251.410929 728.667371 1

251.410929 728.667371 1
245.072832 753.270294 1

245.072832 753.270294 1
251.733554 775.852709 1

251.733554 775.852709 1
217.497146 776.015757 1

217.497146 776.015757 1
202.526323 798.651951 1

202.526323 798.651951 1
180.448630 770.572119 1

180.448630 770.572119 1
173.562334 794.699757 1

173.562334 794.699757 1
148.936600 785.041840 1

148.936600 785.041840 1
128.331952 786.088922 1

128.331952 786.088922 1
107.265375 790.581119 1

107.265375 790.581119 1
111.257967 803.264778 1

111.257967 803.264778 1
91.843288 800.178184 1

91.843288 800.178184 1
75.874212 805.559233 1

75.874212 805.559233 1
66.868770 816.046673 1

66.868770 816.046673 1
14.428265 850.767981 1

14.428265 850.767981 1
18.509462 857.898476 1

18.509462 857.898476 1
50.087963 877.467240 1

50.087963 877.467240 1
56.968066 857.017573 1

56.968066 857.017573 1
81.590446 866.803081 1

81.590446 866.803081 1
82.185768 868.581881 1

82.185768 868.581881 1
100.467329 893.927979 1

100.467329 893.927979 1
99.037579 899.830641 1

99.037579 899.830641 1
111.698414 896.383635 1

111.698414 896.383635 1
128.182926 861.646473 1

128.182926 861.646473 1
139.638116 862.248443 1

139.638116 862.248443 1
157.030149 856.947034 1

157.030149 856.947034 1
163.120967 850.462003 1

163.120967 850.462003 1
167.501427 834.335327 1

167.501427 834.335327 1
178.494408 856.741480 1

178.494408 856.741480 1
172.236688 905.648227 1

172.236688 905.648227 1
189.775153 904.845627 1

189.775153 904.845627 1
188.852391 934.934713 1

188.852391 934.934713 1
127.281563 930.428519 1

127.281563 930.428519 1
104.786211 930.400819 1

104.786211 930.400819 1
93.419571 920.536755 1

93.419571 920.536755 1
61.242399 906.135194 1

61.242399 906.135194 1
38.184767 895.576748 1

38.184767 895.576748 1
48.718636 908.879005 1

48.718636 908.879005 1
61.758526 921.188261 1

61.758526 921.188261 1
55.130142 931.709794 1

55.130142 931.709794 1
23.449714 955.810159 1

23.449714 955.810159 1
19.749263 960.739327 1

19.749263 960.739327 1
41.066706 992.268884 1

41.066706 992.268884 1
50.023894 982.754111 1

50.023894 982.754111 1
121.061107 965.610105 1

121.061107 965.610105 1
145.659657 986.100336 1

145.659657 986.100336 1
177.488776 991.003754 1

177.488776 991.003754 1
182.167797 983.124398 1

182.167797 983.124398 1
184.848777 959.611503 1

184.848777 959.611503 1
202.067846 958.196193 1

202.067846 958.196193 1
210.462388 972.728776 1

210.462388 972.728776 1
208.070625 994.574158 1

208.070625 994.574158 1
242.878816 997.058053 1

242.878816 997.058053 1
236.875921 954.867163 1

236.875921 954.867163 1
206.745410 926.178416 1

206.745410 926.178416 1
237.652636 922.405033 1

237.652636 922.405033 1
279.063809 966.368710 1

279.063809 966.368710 1
298.366028 978.898481 1

298.366028 978.898481 1
320.156098 960.810258 1

320.156098 960.810258 1
330.354995 985.482167 1

330.354995 985.482167 1
371.877256 977.007238 1

371.877256 977.007238 1
414.679208 941.761781 1

414.679208 941.761781 1
457.197306 894.589954 1

457.197306 894.589954 1
465.692179 929.712214 1

465.692179 929.712214 1
486.810440 949.727147 1

486.810440 949.727147 1
486.140999 951.763609 1

486.140999 951.763609 1
476.401803 952.991507 1

476.401803 952.991507 1
472.726629 964.647059 1

472.726629 964.647059 1
496.707858 982.356898 1

496.707858 982.356898 1
513.781678 956.179669 1

513.781678 956.179669 1
511.054828 949.314823 1

511.054828 949.314823 1
503.220137 945.983490 1

503.220137 945.983490 1
486.909912 926.339995 1

486.909912 926.339995 1
511.774090 885.363163 1

511.774090 885.363163 1
507.469374 880.404523 1

507.469374 880.404523 1
506.454554 850.516427 1

506.454554 850.516427 1
492.676056 841.220731 1

492.676056 841.220731 1
492.465649 817.509606 1

492.465649 817.509606 1
510.715806 815.858601 1

510.715806 815.858601 1
501.315038 802.306687 1

501.315038 802.306687 1
491.607796 781.958024 1

491.607796 781.958024 1
493.121340 759.783306 1

493.121340 759.783306 1
483.005099 785.695055 1

483.005099 785.695055 1
465.001074 829.117362 1

465.001074 829.117362 1
454.848834 832.193538 1

454.848834 832.193538 1
393.010589 868.293918 1

393.010589 868.293918 1
420.698875 882.323459 1

420.698875 882.323459 1
425.998761 883.238988 1

425.998761 883.238988 1
417.760291 894.022703 1

417.760291 894.022703 1
404.929403 901.302489 1

404.929403 901.302489 1
398.129375 893.024015 1

398.129375 893.024015 1
354.981720 909.880907 1

354.981720 909.880907 1
352.333862 910.679088 1

352.333862 910.679088 1
346.953398 908.275489 1

346.953398 908.275489 1
336.538394 915.719446 1

336.538394 915.719446 1
332.750680 920.077586 1

332.750680 920.077586 1
304.504283 923.765274 1

304.504283 923.765274 1
294.737269 936.250799 1

294.737269 936.250799 1
284.534650 935.977237 1

284.534650 935.977237 1
275.547988 924.164521 1

275.547988 924.164521 1
269.544746 931.046758 1

269.544746 931.046758 1
262.744638 918.917320 1

262.744638 918.917320 1
269.326303 889.386692 1

269.326303 889.386692 1
254.405226 887.222087 1

254.405226 887.222087 1
265.639425 859.166758 1

265.639425 859.166758 1
281.448302 823.084490 1

281.448302 823.084490 1
321.203064 797.544052 1

321.203064 797.544052 1
334.085092 819.538445 1

334.085092 819.538445 1
346.854138 825.369501 1

346.854138 825.369501 1
313.491260 832.024966 1

313.491260 832.024966 1
308.667257 864.948061 1

308.667257 864.948061 1
337.685177 856.879495 1

337.685177 856.879495 1
362.206045 847.868053 1

362.206045 847.868053 1
375.212747 843.566051 1

375.212747 843.566051 1
394.356514 846.113641 1

394.356514 846.113641 1
414.913062 831.025600 1

414.913062 831.025600 1
410.587131 800.701642 1

410.587131 800.701642 1
419.604022 792.291641 1

419.604022 792.291641 1
414.923030 784.583181 1

414.923030 784.583181 1
389.056471 766.624513 1

389.056471 766.624513 1
361.582418 768.448014 1

361.582418 768.448014 1
308.591862 725.051692 1

308.591862 725.051692 1
305.820374 718.852322 1

305.820374 718.852322 1
325.283022 707.362580 1

325.283022 707.362580 1
323.950760 701.667612 1

323.950760 701.667612 1
332.960169 681.954212 1

332.960169 681.954212 1
342.658937 705.485369 1

342.658937 705.485369 1
355.698255 730.858616 1

355.698255 730.858616 1
364.453756 721.160224 1

364.453756 721.160224 1
368.840302 698.884645 1

368.840302 698.884645 1
413.959263 719.708267 1

413.959263 719.708267 1
449.019036 746.363925 1

449.019036 746.363925 1
449.860978 739.427445 1

449.860978 739.427445 1
466.124822 710.669360 1

466.124822 710.669360 1
468.743635 684.894627 1

468.743635 684.894627 1
478.595828 690.418604 1

478.595828 690.418604 1
499.986178 713.816467 1

499.986178 713.816467 1
532.458756 704.436282 1

532.458756 704.436282 1
547.931832 689.252586 1

547.931832 689.252586 1
537.424671 683.062781 1

537.424671 683.062781 1
534.426950 677.250760 1

534.426950 677.250760 1
525.914188 682.627040 1

525.914188 682.627040 1
522.061994 668.066386 1

522.061994 668.066386 1
548.837863 640.457357 1

548.837863 640.457357 1
548.520264 618.680178 1

548.520264 618.680178 1
551.260643 607.971019 1

551.260643 607.971019 1
537.550885 597.175188 1

537.550885 597.175188 1
524.585848 598.030549 1

524.585848 598.030549 1
498.434119 565.722715 1

498.434119 565.722715 1
516.281985 548.310589 1

516.281985 548.310589 1
502.688386 525.461022 1

502.688386 525.461022 1
490.033775 529.162385 1

490.033775 529.162385 1
474.923513 515.092390 1

474.923513 515.092390 1
449.666145 525.669930 1

449.666145 525.669930 1
441.229671 562.239969 1

441.229671 562.239969 1
458.126946 569.377164 1

458.126946 569.377164 1
471.699283 569.997700 1

471.699283 569.997700 1
484.582846 620.877253 1

484.582846 620.877253 1
473.039264 635.802267 1

473.039264 635.802267 1
433.195181 634.171730 1

433.195181 634.171730 1
382.539035 647.640270 1

382.539035 647.640270 1
378.392961 607.626474 1

378.392961 607.626474 1
389.323800 590.059043 1

389.323800 590.059043 1
424.839787 604.049136 1

424.839787 604.049136 1
431.171067 610.323107 1

431.171067 610.323107 1
411.733760 567.250956 1

411.733760 567.250956 1
408.771489 497.428630 1

408.771489 497.428630 1
421.344999 484.849633 1

421.344999 484.849633 1
402.847614 491.209857 1

402.847614 491.209857 1
350.168453 513.122175 1

350.168453 513.122175 1
330.100825 511.328534 1

330.100825 511.328534 1
320.347144 491.730210 1

320.347144 491.730210 1
293.621843 497.488815 1

293.621843 497.488815 1
307.287816 464.404924 1

307.287816 464.404924 1
303.035291 454.452444 1

303.035291 454.452444 1
294.692697 457.196279 1

294.692697 457.196279 1
281.230196 443.412700 1

281.230196 443.412700 1
281.251033 431.911305 1

281.251033 431.911305 1
258.361377 444.275267 1

258.361377 444.275267 1
256.610346 468.450488 1

256.610346 468.450488 1
223.170857 499.631660 1

223.170857 499.631660 1
222.660316 515.450564 1

222.660316 515.450564 1
254.055716 522.591944 1

254.055716 522.591944 1
259.999032 530.000555 1

259.999032 530.000555 1
290.691887 529.793460 1

290.691887 529.793460 1
294.761877 529.028687 1

294.761877 529.028687 1
316.908690 524.588928 1

316.908690 524.588928 1
340.057679 530.904702 1

340.057679 530.904702 1
342.363643 558.153444 1

342.363643 558.153444 1
356.687919 579.130607 1

356.687919 579.130607 1
352.146463 588.842520 1

352.146463 588.842520 1
308.549274 630.856754 1

308.549274 630.856754 1
302.050716 628.703385 1

302.050716 628.703385 1
312.968426 592.221420 1

312.968426 592.221420 1
281.485639 570.646115 1

281.485639 570.646115 1
277.622651 586.696631 1

277.622651 586.696631 1
253.330362 584.913004 1

253.330362 584.913004 1
229.547658 571.559945 1

229.547658 571.559945 1
222.607230 586.158337 1

222.607230 586.158337 1
208.871687 574.210763 1

208.871687 574.210763 1
211.110331 556.735280 1

211.110331 556.735280 1
203.483270 563.212441 1

203.483270 563.212441 1
185.434645 573.961093 1

185.434645 573.961093 1
156.003651 564.603520 1

156.003651 564.603520 1
146.987121 554.300572 1

146.987121 554.300572 1
156.809643 546.958917 1

156.809643 546.958917 1
163.326814 543.913610 1

163.326814 543.913610 1
175.163352 533.874494 1

175.163352 533.874494 1
178.294597 502.499425 1

178.294597 502.499425 1
195.947399 488.670341 1

195.947399 488.670341 1
199.761178 494.073345 1

199.761178 494.073345 1
207.777823 487.311080 1

207.777823 487.311080 1
205.772718 470.003959 1

205.772718 470.003959 1
211.270014 429.019508 1

211.270014 429.019508 1
210.583938 404.417463 1

210.583938 404.417463 1
249.191437 387.323054 1

249.191437 387.323054 1
259.219573 392.958456 1

259.219573 392.958456 1
275.869755 395.605596 1

275.869755 395.605596 1
278.492377 368.834002 1

278.492377 368.834002 1
290.536843 349.658766 1

290.536843 349.658766 1
299.008972 336.799273 1

299.008972 336.799273 1
276.226525 322.405467 1

276.226525 322.405467 1
268.342189 295.853561 1

268.342189 295.853561 1
273.629113 277.391691 1

273.629113 277.391691 1
281.208946 279.025231 1

281.208946 279.025231 1
285.465443 295.637549 1

285.465443 295.637549 1
304.968932 307.204844 1

304.968932 307.204844 1
319.701217 297.831782 1

319.701217 297.831782 1
340.697328 277.545668 1

340.697328 277.545668 1
344.568069 265.279765 1

344.568069 265.279765 1
361.585743 268.408673 1

361.585743 268.408673 1
353.428784 303.708589 1

353.428784 303.708589 1
366.228576 300.118539 1

366.228576 300.118539 1
434.604551 252.938903 1

434.604551 252.938903 1
428.221814 240.960839 1

428.221814 240.960839 1
455.938730 194.863875 1

455.938730 194.863875 1
448.931939 180.158950 1

448.931939 180.158950 1
443.071922 166.326479 1

443.071922 166.326479 1
416.612332 167.313309 1

416.612332 167.313309 1
389.853698 163.287491 1

389.853698 163.287491 1
383.205753 123.285348 1

383.205753 123.285348 1
409.046393 107.579731 1

409.046393 107.579731 1
405.773579 100.758418 1

405.773579 100.758418 1
396.686346 92.798451 1

396.686346 92.798451 1
433.273236 72.002056 1

433.273236 72.002056 1
441.418605 78.631959 1

441.418605 78.631959 1
443.981344 68.569135 1

443.981344 68.569135 1
468.029847 59.742252 1

468.029847 59.742252 1
477.455890 80.468682 1

477.455890 80.468682 1
465.560440 93.148840 1

465.560440 93.148840 1
470.949969 117.002769 1

470.949969 117.002769 1
462.607089 125.256703 1

462.607089 125.256703 1
445.947170 125.593315 1

445.947170 125.593315 1
483.646864 150.786285 1

483.646864 150.786285 1
502.002146 129.143097 1

502.002146 129.143097 1
498.853946 122.516569 1

498.853946 122.516569 1
519.312524 87.144470 1

519.312524 87.144470 1
522.738451 79.768173 1

522.738451 79.768173 1
508.250807 72.105392 1

508.250807 72.105392 1
531.651753 62.354345 1

531.651753 62.354345 1
537.177010 103.094043 1

537.177010 103.094043 1
556.310355 95.992513 1

556.310355 95.992513 1
568.821326 113.595810 1

568.821326 113.595810 1
558.444890 174.233278 1

558.444890 174.233278 1
558.337712 201.184936 1

558.337712 201.184936 1
543.893860 210.253917 1

543.893860 210.253917 1
585.227567 225.410026 1

585.227567 225.410026 1
595.435548 198.196869 1

595.435548 198.196869 1
609.259546 207.638225 1

609.259546 207.638225 1
614.238202 236.114342 1

614.238202 236.114342 1
626.673630 251.650645 1

626.673630 251.650645 1
648.690249 260.094272 1

648.690249 260.094272 1
619.988791 289.011515 1

619.988791 289.011515 1
607.041357 301.071400 1

607.041357 301.071400 1
597.445311 313.757267 1

597.445311 313.757267 1
602.737163 327.148232 1

602.737163 327.148232 1
638.737770 372.834162 1

638.737770 372.834162 1
654.328178 335.528914 1

654.328178 335.528914 1
684.834292 311.418116 1

684.834292 311.418116 1
688.659138 306.757501 1

688.659138 306.757501 1
708.422962 267.512360 1

708.422962 267.512360 1
725.784466 269.386272 1

725.784466 269.386272 1
720.259206 285.531634 1

720.259206 285.531634 1
734.879460 313.728226 1

734.879460 313.728226 1
747.284404 364.577238 1

747.284404 364.577238 1
736.978972 391.017299 1

736.978972 391.017299 1
730.813769 374.290608 1

730.813769 374.290608 1
732.500718 373.291684 1

732.500718 373.291684 1
726.727146 363.468092 1

726.727146 363.468092 1
701.690704 364.411167 1

701.690704 364.411167 1
703.877284 371.780859 1

703.877284 371.780859 1
698.469832 376.334513 1

698.469832 376.334513 1
701.343459 378.917107 1

701.343459 378.917107 1
704.369897 379.004350 1

704.369897 379.004350 1
704.929615 381.575143 1

704.929615 381.575143 1
705.546167 398.290814 1

705.546167 398.290814 1
680.149363 395.594845 1

680.149363 395.594845 1
685.174308 463.378568 1

685.174308 463.378568 1
647.645502 445.731418 1

647.645502 445.731418 1
630.306422 431.542580 1

630.306422 431.542580 1
632.338144 424.048829 1

632.338144 424.048829 1
622.317765 405.906501 1

622.317765 405.906501 1
609.869255 395.203565 1

609.869255 395.203565 1
595.988056 390.331919 1

595.988056 390.331919 1
608.570453 363.279292 1

608.570453 363.279292 1
598.737284 368.594710 1

598.737284 368.594710 1
569.643645 379.135702 1

569.643645 379.135702 1
579.932659 403.843573 1

579.932659 403.843573 1
579.251241 407.187768 1

579.251241 407.187768 1
587.961948 413.102468 1

587.961948 413.102468 1
601.034785 425.745029 1

601.034785 425.745029 1
583.166601 438.452148 1

583.166601 438.452148 1
558.581006 454.374755 1

558.581006 454.374755 1
551.278071 434.517272 1

551.278071 434.517272 1
552.543760 433.382376 1

552.543760 433.382376 1
536.410190 421.482344 1

536.410190 421.482344 1
510.508742 409.048755 1

510.508742 409.048755 1
494.446018 410.961806 1

494.446018 410.961806 1
484.920987 406.732573 1

484.920987 406.732573 1
477.263317 401.121304 1

477.263317 401.121304 1
475.698073 393.314701 1

475.698073 393.314701 1
479.221466 392.405645 1

479.221466 392.405645 1
487.576614 394.075972 1

487.576614 394.075972 1
509.837404 383.579076 1

509.837404 383.579076 1
528.044792 364.208866 1

528.044792 364.208866 1
542.488552 375.630341 1

542.488552 375.630341 1
548.349916 356.262937 1

548.349916 356.262937 1
567.581404 334.498060 1

567.581404 334.498060 1
564.180834 311.620041 1

564.180834 311.620041 1
553.478582 290.761311 1

553.478582 290.761311 1
564.381253 286.502891 1

564.381253 286.502891 1
542.533020 247.906717 1

542.533020 247.906717 1
530.528877 233.963306 1

530.528877 233.963306 1
527.594014 182.094401 1

527.594014 182.094401 1
498.414202 165.187501 1

498.414202 165.187501 1
494.877452 177.810553 1

494.877452 177.810553 1
503.108127 188.775822 1

503.108127 188.775822 1
515.892211 203.755810 1

515.892211 203.755810 1
466.660085 226.014331 1

466.660085 226.014331 1
456.134673 233.879591 1

456.134673 233.879591 1
449.942515 261.878321 1

449.942515 261.878321 1
472.428146 276.467582 1

472.428146 276.467582 1
476.669844 280.398959 1

476.669844 280.398959 1
518.932947 315.827530 1

518.932947 315.827530 1
417.067389 296.224687 1

417.067389 296.224687 1
421.296074 311.579466 1

421.296074 311.579466 1
429.289882 313.392874 1

429.289882 313.392874 1
436.314750 308.334757 1

436.314750 308.334757 1
438.164921 316.798841 1

438.164921 316.798841 1
434.948536 320.877739 1

434.948536 320.877739 1
448.274925 331.658820 1

448.274925 331.658820 1
447.168735 364.491959 1

447.168735 364.491959 1
455.137455 356.570879 1

455.137455 356.570879 1
479.248771 348.775062 1

479.248771 348.775062 1
482.808068 365.243453 1

482.808068 365.243453 1
481.581616 367.475693 1

481.581616 367.475693 1
470.286061 380.378495 1

470.286061 380.378495 1
455.543516 388.788709 1

455.543516 388.788709 1
435.697334 388.480141 1

435.697334 388.480141 1
424.214886 397.159061 1

424.214886 397.159061 1
396.688003 371.974814 1

396.688003 371.974814 1
398.189228 369.308015 1

398.189228 369.308015 1
399.680420 347.564446 1

399.680420 347.564446 1
360.037096 345.152002 1

360.037096 345.152002 1
346.830156 328.919563 1

346.830156 328.919563 1
344.790762 330.567292 1

344.790762 330.567292 1
348.936647 340.882038 1

348.936647 340.882038 1
335.889262 355.991898 1

335.889262 355.991898 1
316.868016 369.113715 1

316.868016 369.113715 1
309.801610 378.503794 1

309.801610 378.503794 1
318.431176 393.578878 1

318.431176 393.578878 1
328.607521 413.023259 1

328.607521 413.023259 1
320.389570 440.334040 1

320.389570 440.334040 1
349.300036 452.320473 1

349.300036 452.320473 1
362.002043 428.639505 1

362.002043 428.639505 1
366.897755 435.038883 1

366.897755 435.038883 1
370.692340 449.385991 1

370.692340 449.385991 1
380.334307 443.417635 1

380.334307 443.417635 1
387.006178 433.265097 1

387.006178 433.265097 1
394.559889 422.161587 1

394.559889 422.161587 1
399.840609 412.622694 1

399.840609 412.622694 1
433.660074 433.980977 1

433.660074 433.980977 1
435.820229 442.887049 1

435.820229 442.887049 1
436.280265 483.901438 1

436.280265 483.901438 1
455.943291 483.989371 1

455.943291 483.989371 1
501.777426 453.467703 1

501.777426 453.467703 1
537.520947 455.093628 1

537.520947 455.093628 1
521.617995 476.529831 1

521.617995 476.529831 1
543.109197 510.762422 1

543.109197 510.762422 1
545.181474 507.081441 1

545.181474 507.081441 1
573.844489 484.426768 1

573.844489 484.426768 1
622.234579 488.867307 1

622.234579 488.867307 1
669.602654 524.013102 1

669.602654 524.013102 1
654.731323 526.009862 1

654.731323 526.009862 1
641.109040 541.571246 1

641.109040 541.571246 1
612.269527 527.080402 1

612.269527 527.080402 1
593.502745 537.249207 1

