832.735279 429.008398 0
850.399957 419.176736 0

850.399957 419.176736 1
864.600317 403.672784 1

864.600317 403.672784 1
880.197710 425.623110 1

880.197710 425.623110 1
922.753260 446.018943 1

922.753260 446.018943 1
917.053138 460.938537 1

917.053138 460.938537 1
887.301767 459.880149 1

887.301767 459.880149 1
884.390258 468.417424 1

884.390258 468.417424 1
883.843159 469.871050 1

883.843159 469.871050 1
875.065671 502.417688 1

875.065671 502.417688 1
883.397255 528.644250 1

883.397255 528.644250 1
867.644609 530.376765 1

867.644609 530.376765 1
833.081499 531.664253 1

833.081499 531.664253 1
818.840304 502.754045 1

818.840304 502.754045 1
809.391466 517.005702 1

809.391466 517.005702 1
779.846864 509.929794 1

779.846864 509.929794 1
745.752724 521.197579 1

745.752724 521.197579 1
741.210963 525.040734 1

741.210963 525.040734 1
726.694827 532.314101 1

726.694827 532.314101 1
730.046146 514.560799 1

730.046146 514.560799 1
737.147398 482.284940 1

737.147398 482.284940 1
767.924837 480.183478 1

767.924837 480.183478 1
787.097836 466.634684 1

787.097836 466.634684 1
788.482879 428.338808 1

788.482879 428.338808 1
759.394718 443.269099 1

759.394718 443.269099 1
744.998908 460.786786 1

744.998908 460.786786 1
721.519749 483.367730 1

721.519749 483.367730 1
722.759344 487.105474 1

722.759344 487.105474 1
706.670883 489.771186 1

706.670883 489.771186 1
680.816939 483.231367 1

680.816939 483.231367 1
662.515306 471.497372 1

662.515306 471.497372 1
650.385091 451.616438 1

650.385091 451.616438 1
641.275830 433.748217 1

641.275830 433.748217 1
654.386817 421.604334 1

654.386817 421.604334 1
626.341402 397.642111 1

626.341402 397.642111 1
628.038643 445.245779 1

628.038643 445.245779 1
610.620329 491.195921 1

610.620329 491.195921 1
573.779231 504.571126 1

573.779231 504.571126 1
597.057106 511.393067 1

597.057106 511.393067 1
615.444793 522.184982 1

615.444793 522.184982 1
620.931134 521.717960 1

620.931134 521.717960 1
637.122150 496.249038 1

637.122150 496.249038 1
645.202407 490.408467 1

645.202407 490.408467 1
663.792502 506.456464 1

663.792502 506.456464 1
676.883842 512.910988 1

676.883842 512.910988 1
686.094771 503.241937 1

686.094771 503.241937 1
705.438850 515.131809 1

705.438850 515.131809 1
712.303746 531.866190 1

712.303746 531.866190 1
715.756084 547.911045 1

715.756084 547.911045 1
707.122798 589.620584 1

707.122798 589.620584 1
696.239579 603.601510 1

696.239579 603.601510 1
688.759844 590.310151 1

688.759844 590.310151 1
654.907942 558.049079 1

654.907942 558.049079 1
645.040465 588.783574 1

645.040465 588.783574 1
633.057472 595.693313 1

633.057472 595.693313 1
606.886551 604.130071 1

606.886551 604.130071 1
595.056304 576.147568 1

595.056304 576.147568 1
604.998852 559.310090 1

604.998852 559.310090 1
616.923892 550.579345 1

616.923892 550.579345 1
629.212092 532.510074 1

629.212092 532.510074 1
600.113626 551.099058 1

600.113626 551.099058 1
587.823442 550.104046 1

587.823442 550.104046 1
542.858206 548.446113 1

542.858206 548.446113 1
544.562941 527.231765 1

544.562941 527.231765 1
521.641896 533.016792 1

521.641896 533.016792 1
506.323942 525.790497 1

506.323942 525.790497 1
518.449654 547.631047 1

518.449654 547.631047 1
540.027373 565.158983 1

540.027373 565.158983 1
554.282046 589.640254 1

554.282046 589.640254 1
501.971466 587.906955 1

501.971466 587.906955 1
500.309984 556.663466 1

500.309984 556.663466 1
485.328343 537.797424 1

485.328343 537.797424 1
449.143804 539.345847 1

449.143804 539.345847 1
441.805130 518.947581 1

441.805130 518.947581 1
461.831500 493.002649 1

461.831500 493.002649 1
472.023211 502.675649 1

472.023211 502.675649 1
507.671383 492.526942 1

507.671383 492.526942 1
512.189410 465.483928 1

512.189410 465.483928 1
501.557918 474.293079 1

501.557918 474.293079 1
490.749385 484.126529 1

490.749385 484.126529 1
483.913624 483.986844 1

483.913624 483.986844 1
465.763686 459.443895 1

465.763686 459.443895 1
478.515397 441.493345 1

478.515397 441.493345 1
496.327217 428.808461 1

496.327217 428.808461 1
515.637891 437.519984 1

515.637891 437.519984 1
526.296854 448.923059 1

526.296854 448.923059 1
536.903861 437.274401 1

536.903861 437.274401 1
560.089937 453.893690 1

560.089937 453.893690 1
563.730098 480.311336 1

563.730098 480.311336 1
572.934795 466.795621 1

572.934795 466.795621 1
580.759381 441.227099 1

580.759381 441.227099 1
597.129711 422.398830 1

597.129711 422.398830 1
553.032002 429.789540 1

553.032002 429.789540 1
535.789510 420.884696 1

535.789510 420.884696 1
545.814754 396.865071 1

545.814754 396.865071 1
567.951493 378.027058 1

567.951493 378.027058 1
563.618137 373.806765 1

563.618137 373.806765 1
579.004357 359.712284 1

579.004357 359.712284 1
588.250645 316.075797 1

588.250645 316.075797 1
596.448053 334.199170 1

596.448053 334.199170 1
622.430316 343.185899 1

622.430316 343.185899 1
635.735007 300.760260 1

635.735007 300.760260 1
657.916616 305.929236 1

657.916616 305.929236 1
659.280196 279.605614 1

659.280196 279.605614 1
668.462297 245.131279 1

668.462297 245.131279 1
718.876226 267.071289 1

718.876226 267.071289 1
719.493576 262.947998 1

719.493576 262.947998 1
727.839754 257.619240 1

727.839754 257.619240 1
739.406960 262.739099 1

739.406960 262.739099 1
749.922663 259.115599 1

749.922663 259.115599 1
754.244937 257.668102 1

754.244937 257.668102 1
745.176407 235.102841 1

745.176407 235.102841 1
756.791265 228.809699 1

756.791265 228.809699 1
762.979769 216.447512 1

762.979769 216.447512 1
798.186760 223.475458 1

798.186760 223.475458 1
799.929823 237.737282 1

799.929823 237.737282 1
810.957326 235.038368 1

810.957326 235.038368 1
813.994201 243.545172 1

813.994201 243.545172 1
832.273407 219.595067 1

832.273407 219.595067 1
872.473747 233.186750 1

872.473747 233.186750 1
868.394787 227.921808 1

868.394787 227.921808 1
865.001564 210.097549 1

865.001564 210.097549 1
871.154309 174.418229 1

871.154309 174.418229 1
835.379819 183.345738 1

835.379819 183.345738 1
827.593328 201.318732 1

827.593328 201.318732 1
804.666412 208.008974 1

804.666412 208.008974 1
760.431882 138.335724 1

760.431882 138.335724 1
806.740804 142.116699 1

806.740804 142.116699 1
834.159665 92.189146 1

834.159665 92.189146 1
842.850326 66.459347 1

842.850326 66.459347 1
841.352603 62.410577 1

841.352603 62.410577 1
886.033226 79.221839 1

886.033226 79.221839 1
873.069184 130.863833 1

873.069184 130.863833 1
890.476022 124.776824 1

890.476022 124.776824 1
915.570263 144.388101 1

915.570263 144.388101 1
903.529107 182.158283 1

903.529107 182.158283 1
913.982323 208.150487 1

913.982323 208.150487 1
926.699914 227.401594 1

926.699914 227.401594 1
917.125744 256.084320 1

917.125744 256.084320 1
931.052352 268.796696 1

931.052352 268.796696 1
976.722169 271.285575 1

976.722169 271.285575 1
980.016088 260.128701 1

980.016088 260.128701 1
997.201554 254.043149 1

997.201554 254.043149 1
986.319065 248.308111 1

986.319065 248.308111 1
946.050735 233.768287 1

946.050735 233.768287 1
946.707572 223.416924 1

946.707572 223.416924 1
961.746853 211.968358 1

961.746853 211.968358 1
984.643674 202.004860 1

984.643674 202.004860 1
999.796591 180.992209 1

999.796591 180.992209 1
987.581660 149.690957 1

987.581660 149.690957 1
995.164298 123.862628 1

995.164298 123.862628 1
968.417312 134.369442 1

968.417312 134.369442 1
971.708381 147.237405 1

971.708381 147.237405 1
957.007318 172.787127 1

957.007318 172.787127 1
935.585469 183.170838 1

935.585469 183.170838 1
939.512983 144.689231 1

939.512983 144.689231 1
911.548185 118.302123 1

911.548185 118.302123 1
923.354893 74.827124 1

923.354893 74.827124 1
918.515590 58.279552 1

918.515590 58.279552 1
918.764605 47.364160 1

918.764605 47.364160 1
925.348091 38.196941 1

925.348091 38.196941 1
995.165627 17.348449 1

995.165627 17.348449 1
995.627055 12.322638 1

995.627055 12.322638 1
989.066213 13.144788 1

989.066213 13.144788 1
923.739001 3.316577 1

923.739001 3.316577 1
909.183380 46.251188 1

909.183380 46.251188 1
905.322851 51.501693 1

905.322851 51.501693 1
886.661991 36.285732 1

886.661991 36.285732 1
881.252412 18.365703 1

881.252412 18.365703 1
871.400448 29.842954 1

871.400448 29.842954 1
836.903598 36.819671 1

836.903598 36.819671 1
790.518954 41.533771 1

790.518954 41.533771 1
794.872067 29.193183 1

794.872067 29.193183 1
793.388244 28.783726 1

793.388244 28.783726 1
766.353946 8.567442 1

766.353946 8.567442 1
744.042726 6.757765 1

744.042726 6.757765 1
719.802279 1.199013 1

719.802279 1.199013 1
701.962637 20.068156 1

701.962637 20.068156 1
717.270495 51.029480 1

717.270495 51.029480 1
719.508766 79.179966 1

719.508766 79.179966 1
738.074338 75.927698 1

738.074338 75.927698 1
771.320515 44.347153 1

771.320515 44.347153 1
790.030697 47.622834 1

790.030697 47.622834 1
795.064644 73.166406 1

795.064644 73.166406 1
817.200004 74.925126 1

817.200004 74.925126 1
807.596532 100.836596 1

807.596532 100.836596 1
796.584994 103.078483 1

796.584994 103.078483 1
757.874312 111.328533 1

757.874312 111.328533 1
749.119554 123.448506 1

749.119554 123.448506 1
699.325808 126.052661 1

699.325808 126.052661 1
723.310130 137.556995 1

723.310130 137.556995 1
731.648800 156.038654 1

731.648800 156.038654 1
759.176878 175.524637 1

759.176878 175.524637 1
763.766076 198.445092 1

763.766076 198.445092 1
748.819875 220.534373 1

748.819875 220.534373 1
722.685463 232.029090 1

722.685463 232.029090 1
702.807513 242.210259 1

702.807513 242.210259 1
686.865663 214.850311 1

686.865663 214.850311 1
674.711072 191.281933 1

674.711072 191.281933 1
673.737933 169.061262 1

673.737933 169.061262 1
657.690266 155.579473 1

657.690266 155.579473 1
647.179573 137.084479 1

647.179573 137.084479 1
670.242036 216.431510 1

670.242036 216.431510 1
661.254625 232.405339 1

661.254625 232.405339 1
616.394442 225.168354 1

616.394442 225.168354 1
578.603347 216.133169 1

578.603347 216.133169 1
608.634612 265.001157 1

608.634612 265.001157 1
557.173431 267.507817 1

557.173431 267.507817 1
528.264941 290.137576 1

528.264941 290.137576 1
526.989243 303.416750 1

526.989243 303.416750 1
536.932007 305.356544 1

536.932007 305.356544 1
540.507233 303.794351 1

540.507233 303.794351 1
551.912024 308.558858 1

551.912024 308.558858 1
547.154906 357.589604 1

547.154906 357.589604 1
525.800600 351.615200 1

525.800600 351.615200 1
506.727475 378.066397 1

506.727475 378.066397 1
522.455467 405.535788 1

522.455467 405.535788 1
472.300599 421.677972 1

472.300599 421.677972 1
447.174164 413.098899 1

447.174164 413.098899 1
447.191479 406.125916 1

447.191479 406.125916 1
426.314437 390.899444 1

426.314437 390.899444 1
443.249332 371.318069 1

443.249332 371.318069 1
438.806273 365.480822 1

438.806273 365.480822 1
439.986494 337.010675 1

439.986494 337.010675 1
468.805482 335.472313 1

468.805482 335.472313 1
438.214326 310.744642 1

438.214326 310.744642 1
410.971614 290.951067 1

410.971614 290.951067 1
411.985940 285.208463 1

411.985940 285.208463 1
423.990401 255.586480 1

423.990401 255.586480 1
395.909004 266.868987 1

395.909004 266.868987 1
397.345194 272.355952 1

397.345194 272.355952 1
400.477684 312.978684 1

400.477684 312.978684 1
384.448326 348.066296 1

384.448326 348.066296 1
393.294042 367.256144 1

393.294042 367.256144 1
377.432233 370.434047 1

377.432233 370.434047 1
369.992162 363.543038 1

369.992162 363.543038 1
358.886913 353.504053 1

358.886913 353.504053 1
352.214356 313.696031 1

352.214356 313.696031 1
350.528788 311.842243 1

350.528788 311.842243 1
337.485827 299.851243 1

337.485827 299.851243 1
340.170026 264.866274 1

340.170026 264.866274 1
322.884117 260.225235 1

322.884117 260.225235 1
320.211759 273.796701 1

320.211759 273.796701 1
312.034702 290.545188 1

312.034702 290.545188 1
277.777571 283.798307 1

277.777571 283.798307 1
270.759456 282.346264 1

270.759456 282.346264 1
280.268627 223.274038 1

280.268627 223.274038 1
280.732537 220.360478 1

280.732537 220.360478 1
310.937650 245.378239 1

310.937650 245.378239 1
314.986159 226.005625 1

314.986159 226.005625 1
323.454991 229.895431 1

323.454991 229.895431 1
328.031738 235.894477 1

328.031738 235.894477 1
333.974181 222.655173 1

333.974181 222.655173 1
329.585778 215.366994 1

329.585778 215.366994 1
320.609312 206.848356 1

320.609312 206.848356 1
336.265234 202.630200 1

336.265234 202.630200 1
351.131606 233.831978 1

351.131606 233.831978 1
341.759364 244.003066 1

341.759364 244.003066 1
354.300312 248.030700 1

354.300312 248.030700 1
378.769073 238.233851 1

378.769073 238.233851 1
371.775315 222.263381 1

371.775315 222.263381 1
371.220761 215.328622 1

371.220761 215.328622 1
384.619432 188.832496 1

384.619432 188.832496 1
379.009516 176.500410 1

379.009516 176.500410 1
376.023941 155.123407 1

376.023941 155.123407 1
411.042634 145.885267 1

411.042634 145.885267 1
421.324660 188.193940 1

421.324660 188.193940 1
427.141971 178.486538 1

427.141971 178.486538 1
444.882166 173.144318 1

444.882166 173.144318 1
477.456931 190.819142 1

477.456931 190.819142 1
478.718325 205.720894 1

478.718325 205.720894 1
509.685919 247.288556 1

509.685919 247.288556 1
520.885173 226.299893 1

520.885173 226.299893 1
513.775571 211.309930 1

513.775571 211.309930 1
495.831855 195.573934 1

495.831855 195.573934 1
468.875851 169.166808 1

468.875851 169.166808 1
473.542978 164.331263 1

473.542978 164.331263 1
516.770728 143.229620 1

516.770728 143.229620 1
521.336484 136.210490 1

521.336484 136.210490 1
556.377942 125.689777 1

556.377942 125.689777 1
552.884143 174.466154 1

552.884143 174.466154 1
571.880548 185.322257 1

571.880548 185.322257 1
582.106243 178.971482 1

582.106243 178.971482 1
578.826766 166.709398 1

578.826766 166.709398 1
595.934353 171.694003 1

595.934353 171.694003 1
599.475594 176.987769 1

599.475594 176.987769 1
609.414221 174.075481 1

609.414221 174.075481 1
590.406718 144.783365 1

590.406718 144.783365 1
583.145615 122.253920 1

583.145615 122.253920 1
614.206791 125.066101 1

614.206791 125.066101 1
623.383620 99.825254 1

623.383620 99.825254 1
639.969753 94.250586 1

639.969753 94.250586 1
669.727370 97.878121 1

669.727370 97.878121 1
645.788548 62.583387 1

645.788548 62.583387 1
643.736782 58.385525 1

643.736782 58.385525 1
664.026494 45.578614 1

664.026494 45.578614 1
642.820219 1.426251 1

642.820219 1.426251 1
606.665014 8.479563 1

606.665014 8.479563 1
578.252459 68.099189 1

578.252459 68.099189 1
581.547057 74.788859 1

581.547057 74.788859 1
570.975705 76.502846 1

570.975705 76.502846 1
526.298430 93.040879 1

526.298430 93.040879 1
500.240785 65.737568 1

500.240785 65.737568 1
513.958851 31.678911 1

513.958851 31.678911 1
488.536820 25.975410 1

488.536820 25.975410 1
478.276800 37.655901 1

478.276800 37.655901 1
490.689322 42.655082 1

490.689322 42.655082 1
472.354871 77.243097 1

472.354871 77.243097 1
438.777950 58.373996 1

438.777950 58.373996 1
421.021151 2.710494 1

421.021151 2.710494 1
390.193655 46.891170 1

390.193655 46.891170 1
416.567909 45.443906 1

416.567909 45.443906 1
411.226185 53.183347 1

411.226185 53.183347 1
433.318841 87.649035 1

433.318841 87.649035 1
447.457629 94.576788 1

447.457629 94.576788 1
473.665394 93.037244 1

473.665394 93.037244 1
485.150031 108.722900 1

485.150031 108.722900 1
466.651626 118.507174 1

466.651626 118.507174 1
440.587594 149.263040 1

440.587594 149.263040 1
406.806361 118.672504 1

406.806361 118.672504 1
384.849416 121.932549 1

384.849416 121.932549 1
383.140214 131.725088 1

383.140214 131.725088 1
375.758637 132.326258 1

375.758637 132.326258 1
357.419904 165.908076 1

357.419904 165.908076 1
313.824176 153.422701 1

313.824176 153.422701 1
322.912682 122.741477 1

322.912682 122.741477 1
317.261515 92.839642 1

317.261515 92.839642 1
328.442739 77.794648 1

328.442739 77.794648 1
326.847351 76.746367 1

326.847351 76.746367 1
333.268934 65.433662 1

333.268934 65.433662 1
340.266667 61.735631 1

340.266667 61.735631 1
324.801089 56.201738 1

324.801089 56.201738 1
347.689781 14.043072 1

347.689781 14.043072 1
345.587421 1.156685 1

345.587421 1.156685 1
301.787856 7.349273 1

301.787856 7.349273 1
297.772028 13.741537 1

297.772028 13.741537 1
293.877771 19.259055 1

293.877771 19.259055 1
280.457407 4.287534 1

280.457407 4.287534 1
252.699156 35.243880 1

252.699156 35.243880 1
257.340410 44.629619 1

257.340410 44.629619 1
269.995709 46.073684 1

269.995709 46.073684 1
302.496100 51.202082 1

302.496100 51.202082 1
311.100111 61.807840 1

311.100111 61.807840 1
290.829614 80.556951 1

290.829614 80.556951 1
271.308301 97.945008 1

271.308301 97.945008 1
242.790754 125.824076 1

242.790754 125.824076 1
219.343770 150.997811 1

219.343770 150.997811 1
241.079999 160.035271 1

241.079999 160.035271 1
256.911118 139.996997 1

256.911118 139.996997 1
267.993080 161.630566 1

267.993080 161.630566 1
253.953246 195.386661 1

253.953246 195.386661 1
242.110227 189.258646 1

242.110227 189.258646 1
219.715399 230.076041 1

219.715399 230.076041 1
159.804816 180.208706 1

159.804816 180.208706 1
180.052904 163.277707 1

180.052904 163.277707 1
166.648062 144.977217 1

166.648062 144.977217 1
182.206051 117.918239 1

182.206051 117.918239 1
179.653870 113.689376 1

179.653870 113.689376 1
165.294491 116.467485 1

165.294491 116.467485 1
154.922695 95.705589 1

154.922695 95.705589 1
170.895693 70.038318 1

170.895693 70.038318 1
204.578033 55.384136 1

204.578033 55.384136 1
212.197049 18.668215 1

212.197049 18.668215 1
200.667154 8.611193 1

200.667154 8.611193 1
165.778195 58.740065 1

165.778195 58.740065 1
149.952027 49.585190 1

149.952027 49.585190 1
144.852589 54.876790 1

144.852589 54.876790 1
144.865443 66.284190 1

144.865443 66.284190 1
122.910094 62.011630 1

122.910094 62.011630 1
119.870190 85.962825 1

119.870190 85.962825 1
106.941137 118.571204 1

106.941137 118.571204 1
90.033991 93.424074 1

90.033991 93.424074 1
97.665507 88.571789 1

97.665507 88.571789 1
98.096647 67.634001 1

98.096647 67.634001 1
76.552049 53.406739 1

76.552049 53.406739 1
122.318114 31.844654 1

122.318114 31.844654 1
112.281432 14.834838 1

112.281432 14.834838 1
103.871348 21.753896 1

103.871348 21.753896 1
82.082287 23.613362 1

82.082287 23.613362 1
65.959264 29.439816 1

65.959264 29.439816 1
51.373313 1.766090 1

51.373313 1.766090 1
42.603445 22.827949 1

42.603445 22.827949 1
14.552312 29.202569 1

14.552312 29.202569 1
24.486206 56.659644 1

24.486206 56.659644 1
31.459224 76.360262 1

31.459224 76.360262 1
47.360044 99.488831 1

47.360044 99.488831 1
27.618154 119.940183 1

27.618154 119.940183 1
48.874402 110.498368 1

48.874402 110.498368 1
54.266468 102.156200 1

54.266468 102.156200 1
62.670262 102.721297 1

62.670262 102.721297 1
81.481238 137.718365 1

81.481238 137.718365 1
64.343855 151.110651 1

64.343855 151.110651 1
36.938395 164.632286 1

36.938395 164.632286 1
34.274742 171.815954 1

34.274742 171.815954 1
28.149331 180.496875 1

28.149331 180.496875 1
25.643908 170.208106 1

25.643908 170.208106 1
0.751082 170.938381 1

0.751082 170.938381 1
17.900901 199.497142 1

17.900901 199.497142 1
5.773649 233.909691 1

5.773649 233.909691 1
22.774552 259.858268 1

22.774552 259.858268 1
22.268832 235.133342 1

22.268832 235.133342 1
30.595096 205.491853 1

30.595096 205.491853 1
65.809969 206.372610 1

65.809969 206.372610 1
64.941911 203.663052 1

64.941911 203.663052 1
95.574861 168.824096 1

95.574861 168.824096 1
95.473662 187.127328 1

95.473662 187.127328 1
73.738816 213.110232 1

73.738816 213.110232 1
86.516420 224.914377 1

86.516420 224.914377 1
101.024266 244.755929 1

101.024266 244.755929 1
123.030395 231.013831 1

123.030395 231.013831 1
126.917011 218.805347 1

126.917011 218.805347 1
126.571239 218.165690 1

126.571239 218.165690 1
146.800074 210.378079 1

146.800074 210.378079 1
157.579353 201.029184 1

157.579353 201.029184 1
157.871168 240.878075 1

157.871168 240.878075 1
188.916048 246.601040 1

188.916048 246.601040 1
198.927920 236.971829 1

198.927920 236.971829 1
214.586254 257.518923 1

214.586254 257.518923 1
227.959465 257.803043 1

227.959465 257.803043 1
253.508793 281.098091 1

253.508793 281.098091 1
236.802190 296.875283 1

236.802190 296.875283 1
223.710841 305.655539 1

223.710841 305.655539 1
178.885457 291.360481 1

178.885457 291.360481 1
193.079101 316.084820 1

193.079101 316.084820 1
219.176963 311.118817 1

219.176963 311.118817 1
246.052405 313.830776 1

246.052405 313.830776 1
232.254183 332.292152 1

232.254183 332.292152 1
228.715266 331.957772 1

228.715266 331.957772 1
213.065184 351.873289 1

213.065184 351.873289 1
183.295321 352.621864 1

183.295321 352.621864 1
166.022663 351.820344 1

166.022663 351.820344 1
153.220097 335.218403 1

153.220097 335.218403 1
147.709743 322.667583 1

147.709743 322.667583 1
137.351215 307.602676 1

137.351215 307.602676 1
137.157887 306.606197 1

137.157887 306.606197 1
124.125680 301.012918 1

124.125680 301.012918 1
113.239205 279.277181 1

113.239205 279.277181 1
97.991240 283.173420 1

97.991240 283.173420 1
73.539510 306.210195 1

73.539510 306.210195 1
75.826135 317.673900 1

75.826135 317.673900 1
80.173488 322.312829 1

80.173488 322.312829 1
119.913972 315.928510 1

119.913972 315.928510 1
125.034019 342.597741 1

125.034019 342.597741 1
111.431253 357.165738 1

111.431253 357.165738 1
93.539649 368.510267 1

93.539649 368.510267 1
80.003291 367.420359 1

80.003291 367.420359 1
89.991637 385.552148 1

89.991637 385.552148 1
48.896980 399.548176 1

48.896980 399.548176 1
33.224775 366.986164 1

33.224775 366.986164 1
38.573504 362.538362 1

38.573504 362.538362 1
49.631201 342.976522 1

49.631201 342.976522 1
26.994853 339.257240 1

26.994853 339.257240 1
16.785969 330.287177 1

16.785969 330.287177 1
15.848779 328.076446 1

15.848779 328.076446 1
10.060980 352.346675 1

10.060980 352.346675 1
3.240889 361.006402 1

3.240889 361.006402 1
3.795907 420.198612 1

3.795907 420.198612 1
11.095640 426.103228 1

11.095640 426.103228 1
16.995711 437.096363 1

16.995711 437.096363 1
34.746875 431.554312 1

34.746875 431.554312 1
21.798925 466.503137 1

21.798925 466.503137 1
11.091477 465.513149 1

11.091477 465.513149 1
6.462669 504.542334 1

6.462669 504.542334 1
44.671830 530.613904 1

44.671830 530.613904 1
29.934532 495.213401 1

29.934532 495.213401 1
52.827294 477.682891 1

52.827294 477.682891 1
54.101712 468.373876 1

54.101712 468.373876 1
47.127858 458.549106 1

47.127858 458.549106 1
71.235668 438.386256 1

71.235668 438.386256 1
88.842972 411.394410 1

88.842972 411.394410 1
160.174344 405.537278 1

160.174344 405.537278 1
178.645582 447.666075 1

178.645582 447.666075 1
161.956681 469.647454 1

161.956681 469.647454 1
139.415693 454.762410 1

139.415693 454.762410 1
111.597249 461.808908 1

111.597249 461.808908 1
127.939542 479.134845 1

127.939542 479.134845 1
145.522453 489.041633 1

145.522453 489.041633 1
119.393809 502.432775 1

119.393809 502.432775 1
129.427398 516.550233 1

129.427398 516.550233 1
120.121429 524.699967 1

120.121429 524.699967 1
94.135395 518.387815 1

94.135395 518.387815 1
105.221881 529.663194 1

105.221881 529.663194 1
119.798667 548.477961 1

119.798667 548.477961 1
129.545458 558.911348 1

129.545458 558.911348 1
130.357544 573.443123 1

130.357544 573.443123 1
56.707885 590.220601 1

56.707885 590.220601 1
26.716947 580.045470 1

26.716947 580.045470 1
23.498584 587.398738 1

23.498584 587.398738 1
17.157011 646.678044 1

17.157011 646.678044 1
49.951559 676.437206 1

49.951559 676.437206 1
41.513518 680.171836 1

41.513518 680.171836 1
1.072057 723.295568 1

1.072057 723.295568 1
56.890097 744.045875 1

56.890097 744.045875 1
40.743966 773.054228 1

40.743966 773.054228 1
21.980513 780.041631 1

21.980513 780.041631 1
34.531755 807.619108 1

34.531755 807.619108 1
7.658751 856.319471 1

7.658751 856.319471 1
21.873920 852.913971 1

21.873920 852.913971 1
39.515017 856.381212 1

39.515017 856.381212 1
53.293058 919.569063 1

53.293058 919.569063 1
38.368663 917.529352 1

38.368663 917.529352 1
25.221929 955.094499 1

25.221929 955.094499 1
37.438420 957.474783 1

37.438420 957.474783 1
44.532597 949.949280 1

44.532597 949.949280 1
69.988558 930.982306 1

69.988558 930.982306 1
91.691650 937.927215 1

91.691650 937.927215 1
71.202282 885.544876 1

71.202282 885.544876 1
63.586304 865.941322 1

63.586304 865.941322 1
41.522208 842.616722 1

41.522208 842.616722 1
50.190214 813.181029 1

50.190214 813.181029 1
62.841093 772.865924 1

62.841093 772.865924 1
81.284246 728.679584 1

81.284246 728.679584 1
91.996862 717.844583 1

91.996862 717.844583 1
78.824102 689.436410 1

78.824102 689.436410 1
82.468839 662.437965 1

82.468839 662.437965 1
75.921531 633.858979 1

75.921531 633.858979 1
95.019172 612.204298 1

95.019172 612.204298 1
109.069072 597.149623 1

109.069072 597.149623 1
130.326488 589.127528 1

130.326488 589.127528 1
169.208990 572.554871 1

169.208990 572.554871 1
145.281243 555.250723 1

145.281243 555.250723 1
133.505291 525.756005 1

133.505291 525.756005 1
154.579386 529.967683 1

154.579386 529.967683 1
182.002322 521.348626 1

182.002322 521.348626 1
194.331986 549.282569 1

194.331986 549.282569 1
196.971682 558.072981 1

196.971682 558.072981 1
220.004426 551.104473 1

220.004426 551.104473 1
220.008393 520.523320 1

220.008393 520.523320 1
207.726022 516.064472 1

207.726022 516.064472 1
223.223080 500.947024 1

223.223080 500.947024 1
232.501586 476.216370 1

232.501586 476.216370 1
211.077014 492.274241 1

211.077014 492.274241 1
193.105592 474.596639 1

193.105592 474.596639 1
192.273897 462.568107 1

192.273897 462.568107 1
201.581284 463.956317 1

201.581284 463.956317 1
200.191680 444.078341 1

200.191680 444.078341 1
204.985054 436.290776 1

204.985054 436.290776 1
228.129607 436.440050 1

228.129607 436.440050 1
257.196393 399.054961 1

257.196393 399.054961 1
284.548219 368.325785 1

284.548219 368.325785 1
304.415051 372.415319 1

304.415051 372.415319 1
302.834753 403.479720 1

302.834753 403.479720 1
302.655732 416.483822 1

302.655732 416.483822 1
300.713940 427.949814 1

300.713940 427.949814 1
306.229831 449.197299 1

306.229831 449.197299 1
305.674081 467.159643 1

305.674081 467.159643 1
280.542934 458.540192 1

280.542934 458.540192 1
283.152566 481.203938 1

283.152566 481.203938 1
306.941529 489.305680 1

306.941529 489.305680 1
283.047225 508.471235 1

283.047225 508.471235 1
286.893483 522.387862 1

286.893483 522.387862 1
302.700298 523.673536 1

302.700298 523.673536 1
297.364811 571.384582 1

297.364811 571.384582 1
318.570521 547.787837 1

318.570521 547.787837 1
353.007110 522.472718 1

353.007110 522.472718 1
349.988221 504.256535 1

349.988221 504.256535 1
347.726927 500.161417 1

347.726927 500.161417 1
374.747940 477.404053 1

374.747940 477.404053 1
364.991224 458.444579 1

364.991224 458.444579 1
383.946590 459.182314 1

383.946590 459.182314 1
397.515920 449.817327 1

397.515920 449.817327 1
401.232299 420.748205 1

401.232299 420.748205 1
423.748071 435.661790 1

423.748071 435.661790 1
415.293715 457.578427 1

415.293715 457.578427 1
432.493578 487.626001 1

432.493578 487.626001 1
424.140188 527.178318 1

424.140188 527.178318 1
427.261663 546.084888 1

427.261663 546.084888 1
423.715872 564.642407 1

423.715872 564.642407 1
410.836087 548.523209 1

410.836087 548.523209 1
394.061586 560.219927 1

394.061586 560.219927 1
381.444655 573.461055 1

381.444655 573.461055 1
369.529512 619.234269 1

369.529512 619.234269 1
347.161712 628.457967 1

347.161712 628.457967 1
382.921901 645.791511 1

382.921901 645.791511 1
394.119590 626.708013 1

394.119590 626.708013 1
447.917255 616.692883 1

447.917255 616.692883 1
477.625498 606.497332 1

477.625498 606.497332 1
483.375448 629.835482 1

483.375448 629.835482 1
520.203308 624.599071 1

520.203308 624.599071 1
522.253121 642.018105 1

522.253121 642.018105 1
550.372422 650.411898 1

550.372422 650.411898 1
560.267240 673.138105 1

560.267240 673.138105 1
528.537623 694.628661 1

528.537623 694.628661 1
508.499685 678.254470 1

508.499685 678.254470 1
498.427241 678.121011 1

498.427241 678.121011 1
501.537951 680.240666 1

501.537951 680.240666 1
504.609437 686.121973 1

504.609437 686.121973 1
492.998379 702.095248 1

492.998379 702.095248 1
463.262791 670.438985 1

463.262791 670.438985 1
454.684263 660.221213 1

454.684263 660.221213 1
445.780879 652.243834 1

445.780879 652.243834 1
437.189533 650.238580 1

437.189533 650.238580 1
448.190869 662.804146 1

448.190869 662.804146 1
454.611705 672.959916 1

454.611705 672.959916 1
451.138296 698.161095 1

451.138296 698.161095 1
475.624995 707.719070 1

475.624995 707.719070 1
487.010557 709.166840 1

487.010557 709.166840 1
510.423052 708.327587 1

510.423052 708.327587 1
506.638942 720.406097 1

506.638942 720.406097 1
491.137914 741.477562 1

491.137914 741.477562 1
519.802637 744.744339 1

519.802637 744.744339 1
548.064557 772.031785 1

548.064557 772.031785 1
548.126736 773.633133 1

548.126736 773.633133 1
564.900122 771.301582 1

564.900122 771.301582 1
584.359125 781.890876 1

584.359125 781.890876 1
527.482891 799.702805 1

527.482891 799.702805 1
512.754326 833.754634 1

512.754326 833.754634 1
530.844771 891.628812 1

530.844771 891.628812 1
541.804298 919.388120 1

541.804298 919.388120 1
503.093160 967.872961 1

503.093160 967.872961 1
483.768609 929.077104 1

483.768609 929.077104 1
452.722720 937.116727 1

452.722720 937.116727 1
437.986210 920.963927 1

437.986210 920.963927 1
446.618029 915.976826 1

446.618029 915.976826 1
467.544551 889.030334 1

467.544551 889.030334 1
485.282476 875.632856 1

485.282476 875.632856 1
443.929527 897.035780 1

443.929527 897.035780 1
406.765831 878.936721 1

406.765831 878.936721 1
408.211949 888.862535 1

408.211949 888.862535 1
406.227167 897.447277 1

406.227167 897.447277 1
400.918347 901.173619 1

400.918347 901.173619 1
393.095173 888.121792 1

393.095173 888.121792 1
370.731972 878.379567 1

370.731972 878.379567 1
376.190443 858.593074 1

376.190443 858.593074 1
344.338864 835.050514 1

344.338864 835.050514 1
336.399928 841.779058 1

336.399928 841.779058 1
308.795646 840.469878 1

308.795646 840.469878 1
292.926996 816.630457 1

292.926996 816.630457 1
277.404285 812.973533 1

277.404285 812.973533 1
299.703236 801.617918 1

299.703236 801.617918 1
322.189041 805.681322 1

322.189041 805.681322 1
339.423337 819.667765 1

339.423337 819.667765 1
353.278373 819.108512 1

353.278373 819.108512 1
369.407810 826.423859 1

369.407810 826.423859 1
383.309309 828.223373 1

383.309309 828.223373 1
386.674395 846.869542 1

386.674395 846.869542 1
415.240112 840.816738 1

415.240112 840.816738 1
419.180722 838.246000 1

419.180722 838.246000 1
432.395994 828.553848 1

432.395994 828.553848 1
465.677077 830.682210 1

465.677077 830.682210 1
466.965650 830.800550 1

466.965650 830.800550 1
430.084426 807.096791 1

430.084426 807.096791 1
453.804970 781.563881 1

453.804970 781.563881 1
450.822673 780.711579 1

450.822673 780.711579 1
444.429893 757.586332 1

444.429893 757.586332 1
436.660172 741.198623 1

436.660172 741.198623 1
428.952920 767.520520 1

428.952920 767.520520 1
422.590983 779.374638 1

422.590983 779.374638 1
392.833485 777.098515 1

392.833485 777.098515 1
361.179513 746.933296 1

361.179513 746.933296 1
370.783230 702.089688 1

370.783230 702.089688 1
366.350880 700.557204 1

366.350880 700.557204 1
344.266655 684.803156 1

344.266655 684.803156 1
283.407787 729.374353 1

283.407787 729.374353 1
281.970328 704.885061 1

281.970328 704.885061 1
267.724638 700.452503 1

267.724638 700.452503 1
275.251934 690.429990 1

275.251934 690.429990 1
266.071636 672.637729 1

266.071636 672.637729 1
296.796503 673.412187 1

296.796503 673.412187 1
289.015547 663.689546 1

289.015547 663.689546 1
282.257324 633.014745 1

282.257324 633.014745 1
267.422338 600.294414 1

267.422338 600.294414 1
262.010616 596.628648 1

262.010616 596.628648 1
240.675843 595.926431 1

240.675843 595.926431 1
221.784957 584.638765 1

221.784957 584.638765 1
247.829605 612.256921 1

247.829605 612.256921 1
266.938487 645.141352 1

266.938487 645.141352 1
264.416931 649.691820 1

264.416931 649.691820 1
242.328336 669.022438 1

242.328336 669.022438 1
224.293601 659.411597 1

224.293601 659.411597 1
178.571651 652.845928 1

178.571651 652.845928 1
162.140844 648.521192 1

162.140844 648.521192 1
145.913642 631.049800 1

145.913642 631.049800 1
136.613465 656.460600 1

136.613465 656.460600 1
140.733647 702.696949 1

140.733647 702.696949 1
140.297747 718.494247 1

140.297747 718.494247 1
120.923747 754.267539 1

120.923747 754.267539 1
115.288733 750.381604 1

115.288733 750.381604 1
110.474719 746.005955 1

110.474719 746.005955 1
106.461877 753.882870 1

106.461877 753.882870 1
106.477847 764.182115 1

106.477847 764.182115 1
103.199514 787.679494 1

103.199514 787.679494 1
119.814108 823.397627 1

119.814108 823.397627 1
169.859507 788.240056 1

169.859507 788.240056 1
194.093019 782.581374 1

194.093019 782.581374 1
174.786903 758.972804 1

174.786903 758.972804 1
146.986933 756.931777 1

146.986933 756.931777 1
137.356858 759.140012 1

137.356858 759.140012 1
135.631373 752.058258 1

135.631373 752.058258 1
143.602544 736.675296 1

143.602544 736.675296 1
151.383351 694.803175 1

151.383351 694.803175 1
181.418234 709.278357 1

181.418234 709.278357 1
189.345489 677.663480 1

189.345489 677.663480 1
211.141765 696.636873 1

211.141765 696.636873 1
224.046523 688.159560 1

224.046523 688.159560 1
231.888296 710.019487 1

231.888296 710.019487 1
227.281835 714.774798 1

227.281835 714.774798 1
235.744246 726.552730 1

235.744246 726.552730 1
236.916926 738.382779 1

236.916926 738.382779 1
283.376829 776.337961 1

283.376829 776.337961 1
248.833574 799.854062 1

248.833574 799.854062 1
232.591019 827.892635 1

232.591019 827.892635 1
245.429317 856.102386 1

245.429317 856.102386 1
239.092984 863.112953 1

239.092984 863.112953 1
200.123627 901.584479 1

200.123627 901.584479 1
182.289114 862.361445 1

182.289114 862.361445 1
153.959699 891.606046 1

153.959699 891.606046 1
140.957470 873.892283 1

140.957470 873.892283 1
133.087877 860.129555 1

133.087877 860.129555 1
120.675533 885.736991 1

120.675533 885.736991 1
153.335468 910.163604 1

153.335468 910.163604 1
167.955779 913.284593 1

167.955779 913.284593 1
199.918340 949.533269 1

199.918340 949.533269 1
202.669837 978.564142 1

202.669837 978.564142 1
212.002565 964.589891 1

212.002565 964.589891 1
209.283828 950.753835 1

209.283828 950.753835 1
208.211731 944.198252 1

208.211731 944.198252 1
223.645024 923.814350 1

223.645024 923.814350 1
271.951316 927.422855 1

271.951316 927.422855 1
259.307625 906.904404 1

259.307625 906.904404 1
271.349038 881.237347 1

271.349038 881.237347 1
283.315896 890.341128 1

283.315896 890.341128 1
281.969419 895.947454 1

281.969419 895.947454 1
289.238975 907.845633 1

289.238975 907.845633 1
318.432434 892.935904 1

318.432434 892.935904 1
322.231554 904.338337 1

322.231554 904.338337 1
330.652370 911.114320 1

330.652370 911.114320 1
330.318262 953.623149 1

330.318262 953.623149 1
289.261712 957.544720 1

289.261712 957.544720 1
267.739993 991.470607 1

267.739993 991.470607 1
274.606241 988.364144 1

274.606241 988.364144 1
302.455453 992.046261 1

302.455453 992.046261 1
325.678461 978.470094 1

325.678461 978.470094 1
337.585149 955.859169 1

337.585149 955.859169 1
358.648972 927.966428 1

358.648972 927.966428 1
369.451650 933.441591 1

369.451650 933.441591 1
369.615945 959.648854 1

369.615945 959.648854 1
384.152718 963.128450 1

384.152718 963.128450 1
403.832875 967.267261 1

403.832875 967.267261 1
412.851840 994.925137 1

412.851840 994.925137 1
466.691875 996.153302 1

466.691875 996.153302 1
469.814812 978.875893 1

469.814812 978.875893 1
513.686791 992.787330 1

513.686791 992.787330 1
536.054827 998.367910 1

536.054827 998.367910 1
551.927847 991.291597 1

551.927847 991.291597 1
565.773568 954.845547 1

565.773568 954.845547 1
585.291945 956.112729 1

585.291945 956.112729 1
620.859280 909.341959 1

620.859280 909.341959 1
596.349741 892.717490 1

596.349741 892.717490 1
597.351016 883.715040 1

597.351016 883.715040 1
567.054132 875.731752 1

567.054132 875.731752 1
562.878655 874.168436 1

562.878655 874.168436 1
554.566807 870.598196 1

554.566807 870.598196 1
537.865041 856.345583 1

537.865041 856.345583 1
545.990049 844.359965 1

545.990049 844.359965 1
542.726908 828.035068 1

542.726908 828.035068 1
563.923051 819.483987 1

563.923051 819.483987 1
608.974738 815.033911 1

608.974738 815.033911 1
624.304117 861.104733 1

624.304117 861.104733 1
647.003100 868.221603 1

647.003100 868.221603 1
656.432536 867.514172 1

656.432536 867.514172 1
661.084024 868.964530 1

661.084024 868.964530 1
676.664571 872.212346 1

676.664571 872.212346 1
664.462647 854.561059 1

664.462647 854.561059 1
642.883579 837.617800 1

642.883579 837.617800 1
631.338373 813.580445 1

631.338373 813.580445 1
611.020776 797.605596 1

611.020776 797.605596 1
612.712970 794.863945 1

612.712970 794.863945 1
600.975054 758.768691 1

600.975054 758.768691 1
603.055236 754.038698 1

603.055236 754.038698 1
607.003270 752.212783 1

607.003270 752.212783 1
576.079456 734.266737 1

576.079456 734.266737 1
545.255181 727.592597 1

545.255181 727.592597 1
546.234620 703.311199 1

546.234620 703.311199 1
555.220698 694.621341 1

555.220698 694.621341 1
556.543060 698.285046 1

556.543060 698.285046 1
562.340502 707.227433 1

562.340502 707.227433 1
572.452622 691.223862 1

572.452622 691.223862 1
601.540532 686.110214 1

601.540532 686.110214 1
613.544762 690.202964 1

613.544762 690.202964 1
597.338664 663.719730 1

597.338664 663.719730 1
609.095109 639.749186 1

609.095109 639.749186 1
622.325614 650.854631 1

622.325614 650.854631 1
637.104738 671.947751 1

637.104738 671.947751 1
650.915904 689.837164 1

650.915904 689.837164 1
649.076083 716.354222 1

649.076083 716.354222 1
682.551602 731.555210 1

682.551602 731.555210 1
700.169061 732.675305 1

700.169061 732.675305 1
671.408567 745.696303 1

671.408567 745.696303 1
674.920192 774.363707 1

674.920192 774.363707 1
679.409616 784.505046 1

679.409616 784.505046 1
676.535651 802.110597 1

676.535651 802.110597 1
661.864704 800.085149 1

661.864704 800.085149 1
670.683346 815.094625 1

670.683346 815.094625 1
683.877644 800.905249 1

683.877644 800.905249 1
704.399525 792.457049 1

704.399525 792.457049 1
742.771778 821.401094 1

742.771778 821.401094 1
761.808766 815.756785 1

761.808766 815.756785 1
761.247888 799.528025 1

761.247888 799.528025 1
782.580655 814.507922 1

782.580655 814.507922 1
801.702976 834.780891 1

801.702976 834.780891 1
837.384331 872.350058 1

837.384331 872.350058 1
818.201682 896.272097 1

818.201682 896.272097 1
817.998921 917.665272 1

817.998921 917.665272 1
805.221328 933.135718 1

805.221328 933.135718 1
805.664078 911.551936 1

805.664078 911.551936 1
799.958840 886.499394 1

799.958840 886.499394 1
760.682267 878.445630 1

760.682267 878.445630 1
748.620428 895.637589 1

748.620428 895.637589 1
738.806126 918.881320 1

738.806126 918.881320 1
745.259078 933.409982 1

745.259078 933.409982 1
733.474374 921.873112 1

733.474374 921.873112 1
672.185253 903.086551 1

672.185253 903.086551 1
667.249035 900.633247 1

667.249035 900.633247 1
655.040787 903.227251 1

655.040787 903.227251 1
666.713177 952.966365 1

666.713177 952.966365 1
646.221051 950.951973 1

646.221051 950.951973 1
640.767939 965.115614 1

640.767939 965.115614 1
629.601374 985.648721 1

629.601374 985.648721 1
648.603511 976.419883 1

648.603511 976.419883 1
647.898064 969.770607 1

647.898064 969.770607 1
690.079723 984.579584 1

690.079723 984.579584 1
700.010196 961.608941 1

700.010196 961.608941 1
728.780046 979.495383 1

728.780046 979.495383 1
748.698301 987.173127 1

748.698301 987.173127 1
790.164419 984.913966 1

790.164419 984.913966 1
836.856194 978.216326 1

836.856194 978.216326 1
841.163585 985.357267 1

841.163585 985.357267 1
833.900139 996.897861 1

833.900139 996.897861 1
850.981450 998.825761 1

850.981450 998.825761 1
862.371808 990.009736 1

862.371808 990.009736 1
889.817757 957.582290 1

889.817757 957.582290 1
896.471587 960.401733 1

896.471587 960.401733 1
898.603962 955.360660 1

898.603962 955.360660 1
923.393755 959.174308 1

923.393755 959.174308 1
908.023514 999.174647 1

908.023514 999.174647 1
973.963794 995.387757 1

973.963794 995.387757 1
954.019973 958.516205 1

954.019973 958.516205 1
948.247965 953.717104 1

948.247965 953.717104 1
944.242259 946.426606 1

944.242259 946.426606 1
929.304672 937.272804 1

929.304672 937.272804 1
939.845609 899.129844 1

939.845609 899.129844 1
957.330169 924.476827 1

957.330169 924.476827 1
972.949720 946.414574 1

972.949720 946.414574 1
974.045918 947.301047 1

974.045918 947.301047 1
978.185973 931.371674 1

978.185973 931.371674 1
973.311922 918.479936 1

973.311922 918.479936 1
998.849949 887.429484 1

998.849949 887.429484 1
994.364780 846.088637 1

994.364780 846.088637 1
964.901043 834.910453 1

964.901043 834.910453 1
960.122658 838.476313 1

960.122658 838.476313 1
954.918669 834.790704 1

954.918669 834.790704 1
951.460621 817.089612 1

951.460621 817.089612 1
980.179654 795.171428 1

980.179654 795.171428 1
984.287946 760.896521 1

984.287946 760.896521 1
992.718664 760.766527 1

992.718664 760.766527 1
980.330232 709.396265 1

980.330232 709.396265 1
964.834348 727.064594 1

964.834348 727.064594 1
939.959016 732.850603 1

939.959016 732.850603 1
920.438222 723.793941 1

920.438222 723.793941 1
908.636903 724.118509 1

908.636903 724.118509 1
907.705237 700.000926 1

907.705237 700.000926 1
933.377884 686.088519 1

933.377884 686.088519 1
944.040109 675.709782 1

944.040109 675.709782 1
979.110627 657.427898 1

979.110627 657.427898 1
983.580926 661.044779 1

983.580926 661.044779 1
988.965601 635.018137 1

988.965601 635.018137 1
952.093063 645.475188 1

952.093063 645.475188 1
933.874140 624.807342 1

933.874140 624.807342 1
918.610350 611.730161 1

918.610350 611.730161 1
905.625842 639.512384 1

905.625842 639.512384 1
896.672494 645.218400 1

896.672494 645.218400 1
897.100946 663.076450 1

897.100946 663.076450 1
880.864389 668.063477 1

880.864389 668.063477 1
882.229104 623.961420 1

882.229104 623.961420 1
858.267439 611.708151 1

858.267439 611.708151 1
847.647680 620.610594 1

847.647680 620.610594 1
826.485587 635.591185 1

826.485587 635.591185 1
836.279320 669.058741 1

836.279320 669.058741 1
833.855324 684.941636 1

833.855324 684.941636 1
776.928252 708.559045 1

776.928252 708.559045 1
791.651122 718.404819 1

791.651122 718.404819 1
810.945030 705.194955 1

810.945030 705.194955 1
833.420428 716.129243 1

833.420428 716.129243 1
838.438109 723.418233 1

838.438109 723.418233 1
887.344089 736.319146 1

887.344089 736.319146 1
893.702362 743.592986 1

893.702362 743.592986 1
885.228262 774.847026 1

885.228262 774.847026 1
922.371270 756.255000 1

922.371270 756.255000 1
926.283658 773.261690 1

926.283658 773.261690 1
949.020843 769.297911 1

949.020843 769.297911 1
931.253112 788.639447 1

931.253112 788.639447 1
936.659937 819.899405 1

936.659937 819.899405 1
938.378956 847.733690 1

938.378956 847.733690 1
904.901056 864.391105 1

904.901056 864.391105 1
878.548453 895.964302 1

878.548453 895.964302 1
874.807502 875.862090 1

874.807502 875.862090 1
869.226807 849.087092 1

869.226807 849.087092 1
854.517243 823.175389 1

854.517243 823.175389 1
830.954267 827.902720 1

830.954267 827.902720 1
844.182367 805.033081 1

844.182367 805.033081 1
841.828900 778.946856 1

841.828900 778.946856 1
833.600477 754.721456 1

833.600477 754.721456 1
800.773863 768.526957 1

800.773863 768.526957 1
789.152985 795.719678 1

789.152985 795.719678 1
787.302021 752.147653 1

787.302021 752.147653 1
758.515699 755.366637 1

758.515699 755.366637 1
731.067059 751.814588 1

731.067059 751.814588 1
721.723244 737.636073 1

721.723244 737.636073 1
706.264348 705.252674 1

706.264348 705.252674 1
712.194711 699.976824 1

712.194711 699.976824 1
711.223813 685.366209 1

711.223813 685.366209 1
708.505378 679.079478 1

708.505378 679.079478 1
685.049916 687.747066 1

685.049916 687.747066 1
658.258334 674.451265 1

658.258334 674.451265 1
680.558962 651.137569 1

680.558962 651.137569 1
678.371941 627.072289 1

678.371941 627.072289 1
707.555477 622.888178 1

707.555477 622.888178 1
718.220136 641.565614 1

718.220136 641.565614 1
742.240017 656.718268 1

742.240017 656.718268 1
760.936144 671.562279 1

760.936144 671.562279 1
784.447788 645.212336 1

784.447788 645.212336 1
743.507881 647.571832 1

743.507881 647.571832 1
739.761306 626.109602 1

739.761306 626.109602 1
723.938100 586.669896 1

723.938100 586.669896 1
727.923965 572.267390 1

727.923965 572.267390 1
762.834886 580.080510 1

762.834886 580.080510 1
752.441620 543.168442 1

752.441620 543.168442 1
770.174411 530.276355 1

770.174411 530.276355 1
774.499695 527.631805 1

774.499695 527.631805 1
790.043456 548.606999 1

790.043456 548.606999 1
810.237477 553.141987 1

810.237477 553.141987 1
854.255574 550.226521 1

854.255574 550.226521 1
877.321830 555.138574 1

877.321830 555.138574 1
866.101332 570.785465 1

866.101332 570.785465 1
876.098326 586.728326 1

876.098326 586.728326 1
882.671517 589.637618 1

882.671517 589.637618 1
884.134445 590.714521 1

884.134445 590.714521 1
904.467844 570.472430 1

904.467844 570.472430 1
889.893141 560.684987 1

889.893141 560.684987 1
896.859626 541.702778 1

896.859626 541.702778 1
900.126844 524.877500 1

900.126844 524.877500 1
903.972210 520.305137 1

903.972210 520.305137 1
920.753530 501.796030 1

920.753530 501.796030 1
930.123994 497.606879 1

930.123994 497.606879 1
962.688104 522.086880 1

962.688104 522.086880 1
966.995767 530.661079 1

966.995767 530.661079 1
963.857458 562.927902 1

963.857458 562.927902 1
992.680894 582.078314 1

992.680894 582.078314 1
997.542556 508.987327 1

997.542556 508.987327 1
992.640436 505.436992 1

992.640436 505.436992 1
993.163115 503.599926 1

993.163115 503.599926 1
973.359535 502.678861 1

973.359535 502.678861 1
966.786079 488.568639 1

966.786079 488.568639 1
964.622914 469.553568 1

964.622914 469.553568 1
949.344182 474.767671 1

949.344182 474.767671 1
952.158946 442.729083 1

952.158946 442.729083 1
997.781839 442.150628 1

997.781839 442.150628 1
988.728452 427.564717 1

988.728452 427.564717 1
991.774240 377.579628 1

991.774240 377.579628 1
994.040531 371.019975 1

994.040531 371.019975 1
964.164084 398.162028 1

964.164084 398.162028 1
949.791947 419.140414 1

949.791947 419.140414 1
926.126991 425.522709 1

926.126991 425.522709 1
920.248974 413.747961 1

920.248974 413.747961 1
912.499649 390.651279 1

912.499649 390.651279 1
880.149416 362.250840 1

880.149416 362.250840 1
891.538428 361.875021 1

891.538428 361.875021 1
922.347991 350.729324 1

922.347991 350.729324 1
911.449158 327.858967 1

911.449158 327.858967 1
906.504610 318.562675 1

906.504610 318.562675 1
900.633555 306.995539 1

900.633555 306.995539 1
881.504143 318.367112 1

881.504143 318.367112 1
880.106084 323.809574 1

880.106084 323.809574 1
865.224215 319.767420 1

865.224215 319.767420 1
848.806377 306.801851 1

848.806377 306.801851 1
867.845245 274.248158 1

867.845245 274.248158 1
827.201819 290.290904 1

827.201819 290.290904 1
808.149426 326.408500 1

808.149426 326.408500 1
767.248143 336.963078 1

767.248143 336.963078 1
762.184733 340.961849 1

762.184733 340.961849 1
749.709492 332.767813 1

749.709492 332.767813 1
754.044853 326.605487 1

754.044853 326.605487 1
748.772610 320.611339 1

748.772610 320.611339 1
701.136752 327.121878 1

701.136752 327.121878 1
688.839774 322.998951 1

688.839774 322.998951 1
693.428082 301.803696 1

693.428082 301.803696 1
689.390717 308.234949 1

689.390717 308.234949 1
675.100395 321.997385 1

675.100395 321.997385 1
677.043662 338.619765 1

677.043662 338.619765 1
696.306818 364.186810 1

696.306818 364.186810 1
675.670409 393.305990 1

675.670409 393.305990 1
697.511089 382.124733 1

697.511089 382.124733 1
746.641899 391.206735 1

746.641899 391.206735 1
755.315489 377.194641 1

755.315489 377.194641 1
755.452095 367.053514 1

755.452095 367.053514 1
770.156854 375.868675 1

770.156854 375.868675 1
801.301469 370.796871 1

801.301469 370.796871 1
837.668318 377.499572 1

837.668318 377.499572 1
821.226148 410.215371 1

821.226148 410.215371 1
832.735279 429.008398 1

832.735279 429.008398 1
850.399957 419.176736 1

